1;1;3;8;2;2;1;1;2;1;2;2;12;8;0;0;0;0;0;0;0;0;0;0#1
12;11;4;23;11;13;4;12;4;12;11;13;23;44;0;0;0;0;0;0;0;0;1;0#1
1;0;5;0;0;0;5;5;4;4;0;1;0;1;0;0;0;0;0;0;0;0;0;0#1
0;0;6;0;0;0;4;4;0;0;0;0;0;3;0;0;0;0;0;0;0;0;0;0#1
2;1;7;1;1;1;4;4;4;4;1;2;1;2;0;0;0;0;0;0;0;0;0;0#1
2;0;1;0;0;0;1;5;1;5;0;2;0;0;0;0;0;0;0;0;0;0;0;0#1
5;6;6;30;2;5;6;6;2;2;5;2;30;38;0;0;0;0;0;0;0;0;0;0#1
10;9;13;24;9;13;10;10;13;10;9;13;24;44;0;0;0;0;0;0;0;0;1;0#1
0;0;1;0;0;0;0;0;0;0;0;0;0;0;0;0;0;0;0;0;0;0;0;0#1
4;4;3;8;1;4;3;3;1;1;4;1;8;15;0;0;0;0;0;0;0;0;0;0#1
5;9;6;11;1;5;10;6;1;1;5;1;11;16;0;0;0;0;0;0;0;0;0;0#1
0;0;1;4;0;0;1;3;1;3;0;0;3;3;0;0;0;0;0;0;0;0;0;0#1
3;2;2;1;2;1;2;5;2;4;2;3;1;15;0;0;0;0;0;0;0;0;1;0#1
2;0;4;0;0;0;4;4;4;4;0;2;0;0;0;0;0;0;0;0;0;0;0;0#1
0;0;0;0;0;0;0;1;0;0;0;0;0;0;0;0;0;0;0;0;0;0;0;0#1
0;0;0;0;0;0;0;1;0;1;0;0;0;0;0;0;0;0;0;0;0;0;0;0#1
0;0;0;0;0;0;0;0;2;0;0;0;0;0;0;0;0;0;0;0;0;0;0;0#1
0;0;0;1;0;0;1;0;0;0;0;0;0;0;0;0;0;0;0;0;0;0;0;0#1
6;6;7;11;2;11;6;6;2;2;15;2;11;35;0;0;0;0;0;0;0;0;0;0#1
0;1;1;0;0;0;1;3;0;0;0;0;0;0;0;0;0;0;0;0;0;0;0;0#1
1;0;2;0;0;0;1;1;0;0;0;0;0;11;0;0;0;0;0;0;0;0;0;0#1
0;0;1;0;0;0;1;4;1;2;0;0;0;0;0;0;0;0;0;0;0;0;0;0#1
0;0;1;0;0;0;0;0;1;0;0;0;0;0;0;0;0;0;0;0;0;0;0;0#1
1;0;1;0;0;0;1;2;0;0;0;0;0;0;0;0;0;0;0;0;0;0;0;0#1
4;4;10;20;12;17;4;4;11;4;12;17;20;48;0;0;0;0;0;0;0;0;0;0#1
2;2;2;19;4;6;2;2;4;2;4;6;18;18;0;0;0;0;0;1;0;0;0;0#1
0;0;1;0;0;0;0;0;0;0;0;0;0;0;0;0;0;0;0;0;0;0;0;0#1
0;0;7;0;0;0;2;2;7;2;0;0;0;0;0;0;0;0;0;0;0;0;0;0#1
0;0;0;0;0;0;0;5;0;1;0;0;0;0;0;0;0;0;0;0;0;0;0;0#1
0;0;0;0;0;0;1;0;0;0;0;0;0;0;0;0;0;0;0;0;0;0;0;0#1
0;0;1;0;0;0;2;1;0;0;0;0;0;0;0;0;0;0;0;0;0;0;0;0#1
0;0;4;0;0;0;4;6;4;6;0;0;0;0;0;0;0;0;0;0;0;0;0;0#1
15;12;9;26;8;15;9;15;8;8;12;8;26;43;0;0;0;0;0;0;0;0;0;0#1
0;0;1;0;0;0;1;2;1;1;0;0;0;0;0;0;0;0;0;0;0;0;0;0#1
0;0;6;1;0;1;0;0;0;0;0;0;1;1;0;0;0;0;0;0;0;0;0;0#1
0;0;0;0;0;0;0;1;0;0;0;0;0;0;0;0;0;0;0;0;0;0;0;0#1
8;8;8;28;15;20;8;8;9;8;15;17;28;45;0;1;0;0;0;0;0;0;0;0#1
0;0;7;0;0;0;0;0;0;0;0;0;0;0;0;0;0;0;0;0;0;0;0;0#1
3;3;3;6;4;6;3;3;3;3;7;4;6;19;0;0;0;0;0;0;0;0;0;0#1
4;4;8;9;6;9;4;4;8;4;6;10;9;20;0;0;0;0;0;0;0;0;0;0#1
0;1;6;3;3;0;1;1;9;1;0;0;3;13;0;0;0;0;0;0;0;0;0;0#1
7;7;5;6;3;6;6;5;3;3;7;3;6;20;0;0;0;0;0;0;0;0;0;0#1
7;7;5;6;3;6;6;5;3;3;7;3;6;20;0;0;0;0;0;0;0;0;0;0#1
7;7;5;5;3;5;5;6;3;3;7;3;5;20;0;0;0;0;0;0;0;0;0;0#1
3;7;0;8;4;3;0;7;0;4;3;3;8;33;0;0;0;0;0;0;0;0;0;0#1
4;4;2;16;9;6;3;2;3;4;6;6;33;16;0;0;0;0;0;1;0;0;0;0#1
1;1;2;8;4;1;1;1;2;1;1;1;8;11;0;0;0;0;0;0;0;0;0;0#1
2;1;7;0;1;0;4;4;3;3;1;2;0;2;0;0;0;0;0;0;0;0;0;0#1
5;5;8;10;6;10;5;5;8;5;6;9;10;18;0;0;0;0;0;0;0;0;0;0#1
0;0;1;0;0;0;1;4;0;0;0;0;0;0;0;0;0;0;0;0;0;0;0;0#1
0;0;4;0;0;0;0;0;0;0;0;0;0;0;0;0;0;0;0;0;0;0;0;0#1
7;6;5;24;0;7;5;8;0;0;6;0;24;42;0;0;0;0;0;0;0;0;0;0#1
0;0;1;0;0;0;1;1;1;1;0;0;0;2;0;0;0;0;0;0;0;0;0;0#1
0;0;1;0;0;0;1;2;1;2;0;0;0;0;0;0;0;0;0;0;0;0;0;0#1
0;0;1;0;0;0;1;2;1;1;0;0;0;0;0;0;0;0;0;0;0;0;0;0#1
7;7;8;16;7;13;7;7;8;7;7;10;16;35;0;0;0;0;0;0;0;0;0;0#1
0;0;3;1;0;0;3;4;1;1;0;0;1;1;0;0;0;0;0;0;0;0;0;0#1
5;5;7;10;6;10;5;5;8;5;6;14;10;20;0;0;0;0;0;0;0;0;0;0#1
2;2;2;17;4;4;2;2;4;2;4;4;18;17;0;0;0;0;0;1;0;0;0;0#1
1;2;2;2;2;1;2;6;2;4;1;1;2;3;0;0;0;0;0;0;0;0;0;0#1
1;0;2;0;0;0;2;2;0;0;0;0;0;0;0;0;0;0;0;0;0;0;0;0#1
10;7;9;19;7;19;9;9;9;10;7;12;19;21;0;0;0;0;0;0;0;0;0;0#1
4;0;3;0;0;0;5;3;7;5;0;4;0;2;0;0;0;0;0;0;0;0;0;0#1
6;6;2;28;3;6;2;6;2;3;6;3;28;39;0;0;0;0;0;0;0;0;0;0#1
0;0;9;0;0;0;9;11;0;0;0;0;0;0;0;0;0;0;0;0;0;0;0;0#1
0;0;0;0;0;0;0;2;0;2;0;0;0;1;0;0;0;0;0;0;0;0;1;0#1
0;0;2;0;0;0;2;7;2;2;0;0;0;0;0;0;0;0;0;0;0;0;0;0#1
0;0;5;0;0;0;4;4;2;2;0;0;0;1;0;0;0;0;0;0;0;0;0;0#1
9;9;10;23;11;13;9;9;10;9;11;13;23;46;0;0;0;0;0;0;0;0;1;0#1
1;0;0;1;0;1;0;1;0;0;0;0;0;0;0;0;0;0;0;0;0;0;0;0#1
0;0;1;0;0;0;1;5;1;3;0;0;0;0;0;0;0;0;0;0;0;0;0;0#1
2;1;5;6;1;2;4;4;3;3;1;2;6;7;0;0;0;0;0;0;0;0;0;0#1
0;1;2;0;1;0;2;4;2;4;0;0;0;1;0;0;0;0;0;0;0;0;0;0#1
0;0;1;0;0;0;0;0;1;0;0;0;0;0;0;0;0;0;0;0;0;0;0;0#1
9;6;5;7;5;7;5;10;5;5;6;5;7;18;0;0;1;1;0;0;0;0;0;0#1
1;0;9;1;0;1;6;6;4;4;0;1;1;2;0;0;0;0;0;0;0;0;0;0#1
1;1;0;1;2;1;0;1;0;1;1;1;1;2;0;0;0;0;0;0;0;0;1;0#1
7;7;7;15;4;9;7;7;4;4;9;4;15;40;0;0;0;0;0;0;0;0;0;0#1
9;9;8;22;8;12;8;9;8;8;11;8;22;49;0;0;0;0;0;0;0;0;0;0#1
0;0;0;0;0;0;0;1;0;0;0;0;0;0;0;0;0;0;0;0;0;0;0;0#1
0;0;0;0;0;0;0;2;0;0;0;0;0;0;0;0;0;0;0;0;0;0;0;0#1
0;0;8;0;0;0;1;1;0;0;0;0;0;1;0;0;0;0;0;0;0;0;0;0#1
2;2;13;9;6;4;2;2;13;2;4;4;9;19;0;0;0;0;0;0;0;0;0;0#1
2;4;8;5;12;2;4;4;8;4;2;2;5;19;0;0;0;0;0;0;0;0;0;0#1
0;0;0;0;0;0;1;0;0;0;0;0;0;0;0;0;0;0;0;0;0;0;0;0#1
15;8;12;35;8;35;12;13;11;11;8;11;35;50;0;0;0;0;0;0;0;0;0;0#1
0;0;6;1;0;1;0;0;0;0;0;0;1;1;0;0;0;0;0;0;0;0;0;0#1
0;0;2;0;0;0;2;2;0;0;0;0;0;0;0;0;0;0;0;0;0;0;0;0#1
0;0;1;0;0;0;0;0;1;0;0;0;0;0;0;0;0;0;0;0;0;0;0;0#1
10;10;3;29;6;13;3;5;3;6;11;6;29;45;0;0;0;0;0;0;0;0;1;0#1
0;0;0;1;0;0;0;0;0;0;0;0;0;0;0;0;0;0;0;0;0;0;0;0#1
5;5;6;18;4;8;5;5;4;4;6;4;18;21;0;0;0;0;0;0;0;0;0;0#1
9;9;10;23;11;13;9;9;10;9;11;13;23;46;0;0;0;0;0;0;0;0;1;0#1
5;5;3;20;10;12;3;3;3;5;12;10;25;20;0;0;0;0;0;0;0;0;0;0#1
2;0;8;3;0;3;2;2;8;2;0;3;3;11;0;0;0;0;0;0;0;0;0;0#1
0;0;1;0;0;0;1;2;1;2;0;0;0;1;0;0;0;0;0;0;0;0;0;0#1
1;1;6;1;1;1;5;5;4;4;1;1;1;4;0;0;0;0;0;0;0;0;0;0#1
0;0;3;0;0;0;3;3;2;2;0;0;0;2;0;0;0;0;0;0;0;0;0;0#1
1;0;0;0;0;0;0;2;0;0;0;0;0;0;0;0;0;0;0;0;0;0;0;0#1
0;1;7;0;0;0;7;8;0;0;0;0;0;1;0;0;0;0;0;0;0;0;0;0#1
0;0;0;0;0;0;1;0;0;0;0;0;0;0;0;0;0;0;0;0;0;0;0;0#1
0;0;0;0;0;0;0;0;0;2;0;0;0;0;0;0;0;0;0;0;0;0;0;0#1
2;0;1;1;0;1;1;4;1;4;0;2;1;9;0;0;0;0;0;0;0;0;0;0#1
2;0;1;1;0;1;1;4;1;4;0;2;1;9;0;0;0;0;0;0;0;0;0;0#1
1;0;5;0;0;0;5;10;5;9;0;1;0;0;0;0;0;0;0;0;0;0;0;0#1
3;4;4;7;5;3;4;4;4;4;3;3;7;11;0;0;0;0;0;0;0;0;0;0#1
14;14;6;22;18;22;6;14;6;14;18;20;22;51;0;0;0;0;0;0;0;0;1;0#1
3;7;0;8;4;3;0;7;0;4;3;3;8;33;0;0;0;0;0;0;0;0;0;0#1
2;2;3;12;0;7;2;2;0;0;7;0;12;26;0;0;0;0;0;0;0;0;0;0#1
1;1;2;0;0;0;2;3;0;0;1;0;0;1;0;0;0;0;0;0;0;0;0;0#1
0;0;5;2;0;0;0;0;0;0;0;0;2;4;0;0;0;0;0;0;0;0;0;0#1
1;1;10;0;0;0;10;11;0;0;1;0;0;2;0;0;0;0;0;0;0;0;0;0#1
1;0;1;0;0;0;1;4;1;3;0;1;0;0;0;0;0;0;0;0;0;0;0;0#1
11;11;6;26;13;23;11;6;12;11;15;13;26;38;0;0;0;0;0;0;0;0;1;0#1
0;0;1;2;0;0;1;4;0;0;0;0;0;0;0;0;0;0;0;0;0;0;0;0#1
4;4;2;20;13;11;2;4;2;4;11;11;20;44;0;0;0;0;0;0;0;0;0;0#1
1;1;0;0;1;0;0;3;0;2;1;1;0;0;0;0;0;0;0;0;0;0;0;0#1
0;0;0;0;0;0;0;3;0;3;0;0;0;0;0;0;0;0;0;0;0;0;0;0#1
0;0;1;0;0;0;1;1;1;1;0;0;0;0;0;0;0;0;0;0;0;0;0;0#1
0;0;0;0;0;0;0;2;0;2;0;0;0;1;0;0;0;0;0;0;0;0;0;0#1
6;6;6;10;4;9;6;6;4;4;9;4;10;32;0;0;0;0;0;0;0;0;0;0#1
4;4;3;2;2;2;3;4;2;2;5;2;2;15;0;0;0;0;0;0;0;0;0;0#1
0;0;3;0;0;0;0;0;0;0;0;0;0;0;0;0;0;0;0;0;0;0;0;0#1
0;0;0;0;0;0;1;0;0;0;0;0;0;0;0;0;0;0;0;0;0;0;0;0#1
3;7;0;8;4;3;0;7;0;4;3;3;8;33;0;0;0;0;0;0;0;0;0;0#1
0;1;2;0;1;0;2;3;2;3;0;0;0;1;0;0;0;0;0;0;0;0;0;0#1
1;0;3;4;0;1;2;2;3;2;0;1;4;5;0;0;0;0;0;0;0;0;0;0#1
0;0;3;0;0;0;1;1;0;0;0;0;0;1;0;0;0;0;0;1;0;0;0;0#1
11;10;10;18;10;11;10;12;10;11;10;11;18;43;0;0;0;0;0;0;0;0;1;0#1
13;11;3;23;11;13;3;13;3;12;11;12;23;45;0;0;0;0;0;0;0;0;1;0#1
0;0;1;0;0;0;1;1;1;1;0;0;0;0;0;0;0;0;0;0;0;0;0;0#1
0;0;0;0;0;0;0;0;0;1;0;0;0;0;0;0;0;0;0;0;0;0;0;0#1
5;5;8;30;9;7;5;5;8;5;7;7;30;49;0;0;0;0;0;0;0;0;0;0#1
5;6;6;24;1;5;6;6;1;1;5;1;24;32;0;0;0;0;0;0;0;0;0;0#1
3;0;4;1;0;1;4;4;1;1;0;1;1;8;0;0;0;0;0;0;0;0;0;0#1
0;0;0;0;0;0;2;0;0;0;0;0;0;0;0;0;0;0;0;0;0;0;0;0#1
1;1;1;14;3;4;1;1;1;1;3;4;18;14;0;0;0;0;0;1;0;0;0;0#1
0;0;1;0;0;0;1;1;0;0;0;0;0;0;0;0;0;0;0;0;0;0;0;0#1
0;0;1;0;0;0;1;3;0;0;0;0;0;0;0;0;0;0;0;0;0;0;0;0#1
2;1;3;3;1;2;3;4;1;1;1;1;3;4;0;0;0;0;0;0;0;0;0;0#1
7;6;4;9;6;7;4;4;4;11;6;7;9;27;0;0;0;0;0;0;0;0;0;0#1
7;6;4;9;6;7;4;4;4;11;6;7;9;27;0;0;0;0;0;0;0;0;0;0#1
0;1;3;2;1;0;3;5;1;1;0;0;1;1;0;0;0;0;0;0;0;0;0;0#1
5;5;5;12;3;11;5;5;3;3;11;3;12;35;0;0;0;0;0;0;0;0;0;0#1
2;1;3;3;1;2;3;4;3;3;1;2;3;5;0;0;0;0;0;0;0;0;0;0#1
0;0;0;1;0;0;0;3;0;0;0;0;1;5;0;0;0;0;0;0;0;0;0;0#1
2;2;3;18;4;4;2;2;3;2;4;4;18;20;0;0;0;0;0;0;0;0;0;0#1
1;0;5;0;0;0;5;10;5;10;0;1;0;0;0;0;0;0;0;0;0;0;0;0#1
0;0;0;1;0;0;0;1;0;0;0;0;0;0;0;0;0;0;0;0;0;0;0;0#1
0;0;0;0;0;0;1;0;0;0;0;0;0;0;0;0;0;0;0;0;0;0;0;0#1
0;0;2;0;0;0;2;3;0;0;0;0;0;0;0;0;0;0;0;0;0;0;0;0#1
0;0;0;0;0;0;0;3;0;0;0;0;0;0;0;0;0;0;0;0;0;0;0;0#1
1;3;3;0;2;0;3;4;2;2;1;1;0;7;0;0;0;0;0;0;0;0;0;0#1
0;0;1;0;0;0;0;0;0;0;0;0;0;0;0;0;0;0;0;0;0;0;0;0#1
1;1;3;0;1;0;3;4;1;1;1;1;0;4;0;0;0;0;0;0;0;0;0;0#1
0;0;0;0;0;0;1;0;1;2;0;0;0;1;0;0;0;0;0;0;0;0;1;0#1
5;5;1;15;2;6;1;5;1;2;6;2;15;22;0;0;0;0;0;0;0;0;0;0#1
1;2;4;0;2;0;4;7;4;4;1;1;0;3;0;0;0;0;0;0;0;0;0;0#1
3;3;2;5;1;3;2;4;1;1;3;1;5;10;0;0;0;0;0;0;0;0;0;0#1
0;0;6;0;0;0;6;9;2;2;0;0;0;0;0;0;0;0;0;0;0;0;0;0#1
2;2;4;14;5;13;2;2;4;2;5;7;14;27;0;0;0;0;0;0;0;0;0;0#1
0;0;0;0;0;0;0;4;0;3;0;0;0;0;0;0;0;0;0;0;0;0;0;0#1
1;0;0;0;0;0;0;1;0;1;0;1;0;0;0;0;0;0;0;0;0;0;0;0#1
0;1;2;3;1;0;2;4;2;4;0;0;3;5;0;0;0;0;0;0;0;0;0;0#1
0;0;2;0;0;0;2;8;2;2;0;0;0;1;0;0;0;0;0;0;0;0;0;0#1
2;1;3;3;1;2;3;4;3;3;1;2;3;5;0;0;0;0;0;0;0;0;0;0#1
0;0;3;0;0;0;1;1;2;1;0;0;0;0;0;0;0;0;0;0;0;0;0;0#1
0;0;0;1;0;0;0;1;0;0;0;0;1;1;0;0;0;0;0;0;0;0;0;0#1
1;1;2;10;1;6;1;1;1;1;6;1;10;13;0;0;0;0;0;0;0;0;1;0#1
0;0;1;0;0;0;1;2;1;2;0;0;0;0;0;0;0;0;0;0;0;0;0;0#1
0;0;1;0;0;0;0;0;1;0;0;0;0;0;0;0;0;0;0;0;0;0;0;0#1
0;0;1;0;0;0;1;7;1;2;0;0;0;0;0;0;0;0;0;0;0;0;0;0#1
7;7;8;32;6;10;7;7;6;6;10;6;32;56;0;0;0;0;0;0;0;0;1;0#1
0;0;1;0;0;0;3;1;0;0;0;0;0;0;0;0;0;0;0;0;0;0;0;0#1
0;0;3;0;0;0;3;4;0;0;0;0;0;0;0;0;0;0;0;0;0;0;0;0#1
0;0;3;16;3;6;0;0;3;0;6;3;16;24;0;0;0;0;0;0;0;0;0;0#1
0;0;2;0;0;0;2;4;0;0;0;0;0;0;0;0;0;0;0;0;0;0;0;0#1
0;0;0;0;0;0;1;0;0;0;0;0;0;0;0;0;0;0;0;0;0;0;0;0#1
0;0;0;0;0;0;1;0;0;0;0;0;0;0;0;0;0;0;0;0;0;0;0;0#1
1;0;5;0;0;0;5;5;3;3;0;1;0;1;0;0;0;0;0;0;0;0;0;0#1
0;0;0;0;0;0;1;0;0;0;0;0;0;0;0;0;0;0;0;0;0;0;0;0#1
0;0;0;0;0;0;0;1;0;1;0;0;0;1;0;0;0;0;0;0;0;0;0;0#1
1;0;4;0;0;0;4;6;3;3;0;1;0;1;0;0;0;0;0;0;0;0;0;0#1
0;0;0;0;0;0;0;2;0;2;0;0;0;1;0;0;0;0;0;0;0;0;0;0#1
0;0;3;2;0;2;0;0;0;0;0;0;0;0;0;0;0;0;0;0;0;0;0;0#1
0;0;0;1;0;0;0;5;0;3;0;0;1;2;0;0;0;0;0;0;0;0;0;0#1
0;1;2;0;1;0;2;3;1;1;0;0;0;3;0;0;0;0;0;0;0;0;0;0#1
0;0;0;0;0;0;0;1;0;1;0;0;0;0;0;0;0;0;0;0;0;0;0;0#1
0;0;1;0;0;0;1;1;0;0;0;0;0;0;0;0;0;0;0;0;0;0;0;0#1
1;0;4;0;0;0;4;6;3;3;0;1;0;1;0;0;0;0;0;0;0;0;0;0#1
0;0;1;0;0;0;1;1;1;1;0;0;0;0;0;0;0;0;0;0;0;0;0;0#1
3;3;5;12;1;3;3;3;1;1;3;1;12;37;0;0;0;0;0;0;0;0;0;0#1
0;0;0;0;0;0;2;0;2;2;0;0;0;1;0;0;0;0;0;0;0;0;1;0#1
0;0;4;0;0;0;4;5;2;2;0;0;0;1;0;0;0;0;0;0;0;0;0;0#1
1;1;4;1;1;1;4;6;4;5;1;1;1;4;0;0;0;0;0;0;0;0;0;0#1
1;1;6;0;0;0;6;8;0;0;1;0;0;1;0;0;0;0;0;0;0;0;0;0#1
0;0;0;0;0;0;1;0;0;0;0;0;0;0;0;0;0;0;0;0;0;0;0;0#1
3;5;5;12;5;3;5;5;5;5;3;3;12;14;0;0;0;0;0;0;0;0;0;0#1
0;0;2;2;1;0;0;0;2;0;0;0;2;2;0;0;0;0;0;0;0;0;0;0#1
2;2;2;15;2;6;2;2;2;2;6;2;15;23;0;0;0;0;0;0;0;0;0;0#1
0;0;1;0;0;0;1;4;0;0;0;0;0;0;0;0;0;0;0;0;0;0;0;0#1
0;0;1;0;0;0;1;2;1;1;0;0;0;0;0;0;0;0;0;0;0;0;0;0#1
1;12;5;7;9;1;5;10;5;9;1;1;7;23;0;0;0;0;0;0;0;0;0;0#1
0;0;5;0;0;0;0;0;11;0;0;2;0;1;0;0;0;0;0;0;0;0;0;0#1
3;0;3;0;0;0;4;3;2;2;0;2;0;0;0;0;0;0;0;0;0;0;0;0#1
3;0;3;0;0;0;4;3;2;2;0;2;0;0;0;0;0;0;0;0;0;0;0;0#1
3;0;3;0;0;0;4;3;2;2;0;2;0;0;0;0;0;0;0;0;0;0;0;0#1
0;0;0;1;0;0;0;2;0;2;0;0;1;2;0;0;0;0;0;0;0;0;0;0#1
5;9;4;27;6;5;4;6;4;6;5;5;27;32;0;0;0;0;0;0;0;0;0;0#1
0;0;0;0;0;0;0;0;0;2;0;0;0;0;0;0;0;0;0;0;0;0;0;0#1
0;0;6;2;0;0;2;2;4;2;0;0;2;9;0;0;0;0;0;0;0;0;0;0#1
7;7;5;6;4;6;5;5;4;4;7;4;6;20;0;0;0;0;0;0;0;0;0;0#1
1;0;1;0;0;0;1;2;1;2;0;1;0;0;0;0;0;0;0;0;0;0;0;0#1
3;2;2;1;2;1;2;5;2;4;2;3;1;15;0;0;0;0;0;0;0;0;1;0#1
3;4;4;11;1;3;4;4;1;1;3;1;11;35;0;0;0;0;0;0;0;0;0;0#1
0;0;0;0;0;0;0;1;0;0;0;0;0;0;0;0;0;0;0;0;0;0;0;0#1
0;0;0;0;0;0;1;0;0;0;0;0;0;0;0;0;0;0;0;0;0;0;0;0#1
0;0;6;3;0;0;2;2;3;2;0;0;3;5;0;0;0;0;0;0;0;0;0;0#1
3;3;1;11;0;3;1;3;0;0;3;0;10;10;0;0;0;0;0;0;0;0;0;0#1
9;8;9;33;8;12;9;9;9;9;8;12;33;53;0;0;0;0;0;0;0;0;1;0#1
1;5;7;2;4;1;7;8;4;4;1;1;2;18;0;0;0;0;0;0;0;0;0;0#1
5;5;7;16;5;15;5;5;5;5;15;5;16;24;0;0;0;0;0;0;0;0;0;0#1
1;0;0;0;0;0;0;0;0;1;0;1;0;0;0;0;0;0;0;0;0;0;0;0#1
0;1;0;0;0;0;0;0;0;0;0;0;0;1;0;0;0;0;0;0;0;0;0;0#1
1;1;7;1;1;1;4;4;2;2;1;1;1;4;0;0;0;0;0;0;0;0;0;0#1
1;1;7;1;1;1;4;4;2;2;1;1;1;4;0;0;0;0;0;0;0;0;0;0#1
0;0;0;0;0;0;0;2;0;0;0;0;0;0;0;0;0;0;0;0;0;0;0;0#1
6;6;5;14;3;8;5;6;3;3;7;3;14;23;0;0;0;0;0;0;0;0;0;0#1
1;0;2;0;0;0;1;1;0;0;0;0;0;0;0;0;0;0;0;0;0;0;0;0#1
2;0;0;6;0;2;0;4;0;3;0;2;7;6;0;0;0;0;0;0;0;0;0;0#1
5;7;10;22;0;5;7;7;0;0;5;0;20;20;0;0;0;0;0;0;0;0;0;0#1
0;0;0;0;0;0;1;0;1;3;0;0;0;5;0;0;0;0;0;0;0;0;1;0#1
0;0;0;0;0;0;0;0;0;2;0;0;0;0;0;0;0;0;0;0;0;0;0;0#1
0;0;1;0;0;0;1;2;1;1;0;0;0;0;0;0;0;0;0;0;0;0;0;0#1
0;0;3;0;0;0;3;5;1;1;0;0;0;0;0;0;0;0;0;0;0;0;0;0#1
1;0;12;0;0;0;2;2;0;0;0;0;0;0;0;0;2;1;0;1;0;3;0;0#1
0;0;1;0;0;0;2;1;0;0;0;0;0;0;0;0;0;0;0;0;0;0;0;0#1
2;0;0;6;0;2;0;4;0;3;0;2;6;7;0;0;0;0;0;0;0;0;0;0#1
5;5;1;13;7;6;1;5;1;5;6;6;13;33;0;0;0;0;0;0;0;0;0;0#1
13;11;3;23;11;13;3;13;3;13;11;13;23;44;0;0;0;0;0;0;0;0;1;0#1
0;0;0;0;0;0;0;2;0;0;0;0;0;0;0;0;0;0;0;0;0;0;0;0#1
1;0;5;0;0;0;5;10;5;9;0;1;0;0;0;0;0;0;0;0;0;0;0;0#1
13;11;3;23;11;13;3;13;3;13;11;13;23;44;0;0;0;0;0;0;0;0;1;0#1
1;2;6;2;2;1;6;7;5;5;1;1;2;3;0;0;0;0;0;0;0;0;0;0#1
3;4;4;8;5;3;4;4;4;4;3;3;8;10;0;0;0;0;0;0;0;0;0;0#1
2;3;1;13;1;2;1;3;1;1;2;1;13;17;0;0;0;0;0;0;0;0;0;0#1
11;19;5;26;5;11;5;13;5;5;11;5;26;62;0;0;0;0;0;0;0;0;0;0#1
0;0;0;0;0;0;1;0;1;3;0;0;0;5;0;0;0;0;0;0;0;0;1;0#1
0;0;0;0;0;0;1;0;0;0;0;0;0;0;0;0;0;0;0;0;0;0;0;0#1
1;1;6;1;1;1;5;5;4;4;1;1;1;4;0;0;0;0;0;0;0;0;0;0#1
0;0;3;0;0;0;3;3;3;3;0;0;0;2;0;0;0;0;0;0;0;0;0;0#1
3;3;6;0;2;0;3;3;2;2;5;2;0;24;0;0;0;0;0;0;0;0;0;0#1
2;2;3;3;2;2;3;4;2;2;2;2;3;3;0;0;0;0;0;0;0;0;0;0#1
0;0;1;0;0;0;0;0;0;0;0;0;0;0;0;0;0;0;0;0;0;0;0;0#1
0;0;5;0;0;0;2;2;0;0;0;0;0;0;0;0;0;0;0;0;0;0;0;0#1
0;1;1;7;0;0;1;1;0;0;0;0;7;15;0;0;0;0;0;0;0;0;0;0#1
0;0;0;0;0;0;1;0;0;0;0;0;0;0;0;0;0;0;0;0;0;0;0;0#1
3;1;0;6;1;3;0;1;0;1;1;1;6;10;0;0;0;0;0;0;0;0;0;0#1
0;6;5;7;2;0;5;5;2;2;0;0;7;14;0;0;0;0;0;0;0;0;0;0#1
1;1;3;0;1;0;3;5;1;1;1;1;0;4;0;0;0;0;0;0;0;0;0;0#1
1;1;7;1;1;1;4;4;2;2;1;1;1;4;0;0;0;0;0;0;0;0;0;0#1
0;1;3;2;1;0;3;5;1;1;0;0;1;1;0;0;0;0;0;0;0;0;0;0#1
0;1;3;3;1;0;3;5;3;3;0;0;3;5;0;0;0;0;0;0;0;0;0;0#1
2;2;6;7;1;3;2;2;1;1;3;1;7;18;0;0;0;0;0;0;0;0;0;0#1
4;4;1;14;6;13;1;4;1;4;6;7;14;20;0;0;0;0;0;0;0;0;0;0#1
3;3;4;17;1;9;3;3;1;1;7;1;20;17;0;0;0;0;0;0;0;0;0;0#1
0;0;0;0;0;0;1;0;0;0;0;0;0;0;0;0;0;0;0;0;0;0;0;0#1
0;1;5;3;1;0;5;6;5;5;0;0;3;5;0;0;0;0;0;0;0;0;0;0#1
7;8;1;28;6;7;4;1;4;6;7;6;28;32;0;0;0;0;0;0;0;0;0;0#1
12;8;10;35;8;29;10;12;10;12;8;12;35;50;0;0;0;0;0;0;0;0;0;0#1
0;0;5;0;0;0;0;0;0;0;0;0;0;0;0;0;0;0;0;0;0;0;0;0#1
9;8;9;33;8;12;9;9;9;9;8;12;33;53;0;0;0;0;0;0;0;0;1;0#1
0;0;2;0;0;0;0;0;0;0;0;0;0;0;0;0;0;0;0;0;0;0;0;0#1
0;0;2;0;0;0;2;2;0;0;0;0;0;0;0;0;0;0;0;0;0;0;0;0#1
0;0;0;0;0;0;0;0;0;1;0;0;0;0;0;0;0;0;0;0;0;0;0;0#1
0;0;1;0;0;0;1;4;1;2;0;0;0;1;0;0;0;0;0;0;0;0;0;0#1
0;0;0;0;0;0;0;2;0;2;0;0;0;1;0;0;0;0;0;0;0;0;0;0#1
1;1;7;1;1;1;4;4;2;2;1;1;1;4;0;0;0;0;0;0;0;0;0;0#1
0;0;1;0;0;0;2;1;1;1;0;0;0;0;0;0;0;0;0;0;0;0;0;0#1
7;7;11;14;10;14;7;7;11;7;10;22;14;26;0;0;0;0;0;0;0;0;1;0#1
3;3;2;14;4;7;2;3;2;3;7;4;14;26;0;0;0;0;0;0;0;0;0;0#1
8;8;11;21;6;17;8;8;6;6;10;6;21;37;0;0;0;0;0;0;0;0;0;0#1
0;0;0;0;0;0;0;0;0;1;0;0;0;0;0;0;0;0;0;0;0;0;0;0#1
1;0;9;2;0;1;4;4;2;2;0;1;1;1;0;0;0;0;0;0;0;0;0;0#1
0;0;0;0;0;0;1;0;0;0;0;0;0;0;0;0;0;0;0;0;0;0;0;0#1
0;1;2;0;0;0;2;2;0;0;0;0;0;2;0;0;0;0;0;0;0;0;0;0#1
1;0;0;0;0;0;1;0;0;0;0;0;0;1;0;0;0;0;0;0;0;0;0;0#1
3;0;2;0;0;0;4;2;1;1;0;1;0;0;0;0;0;0;0;0;0;0;0;0#1
0;0;2;0;0;0;0;0;0;0;0;0;0;1;0;0;0;0;0;0;0;0;0;0#1
4;4;7;6;6;6;4;4;8;4;6;9;6;19;0;0;0;0;0;0;0;0;0;0#1
4;4;8;8;6;8;4;4;8;4;6;10;8;20;0;0;0;0;0;0;0;0;0;0#1
7;7;5;19;2;13;5;7;2;2;10;2;19;45;0;0;0;0;0;0;0;0;0;0#1
1;2;7;4;2;1;7;7;6;6;1;1;4;5;0;0;0;0;0;0;0;0;0;0#1
0;0;1;0;0;0;0;0;0;0;0;0;0;0;0;0;0;0;0;0;0;0;0;0#1
0;0;1;3;0;1;0;0;0;0;1;0;3;8;0;0;0;0;0;0;0;0;0;0#1
2;0;1;0;0;0;1;5;1;3;0;2;0;0;0;0;0;0;0;0;0;0;0;0#1
0;0;1;0;0;0;1;4;1;3;0;0;0;0;0;0;0;0;0;0;0;0;0;0#1
0;0;2;0;0;0;0;0;1;0;0;0;0;0;0;0;0;0;0;0;0;0;0;0#1
0;0;0;0;0;0;1;0;0;0;0;0;0;0;0;0;0;0;0;0;0;0;0;0#1
0;0;0;0;0;0;0;2;0;2;0;0;0;1;0;0;0;0;0;0;0;0;0;0#1
0;0;1;0;0;0;1;1;0;0;0;0;0;0;0;0;0;0;0;0;0;0;0;0#1
1;4;3;6;3;1;3;4;3;3;1;1;6;30;0;0;0;0;0;0;0;0;0;0#1
3;3;3;9;2;6;3;3;2;2;5;2;9;10;0;0;0;0;0;0;0;0;0;0#1
5;5;5;10;0;7;5;5;0;0;6;0;10;19;0;0;0;0;0;0;0;0;0;0#1
14;10;8;30;10;30;9;8;9;14;10;14;30;46;0;0;0;0;0;0;0;0;0;0#1
1;1;4;2;2;1;1;1;2;1;1;1;2;5;0;0;0;0;0;0;0;0;0;0#1
1;1;4;0;1;0;1;1;2;1;1;2;0;3;0;0;0;0;0;0;0;0;0;0#1
0;0;6;0;0;0;1;1;2;1;0;0;0;1;0;0;0;0;0;0;0;0;0;0#1
0;0;1;0;0;0;0;0;0;0;0;0;0;0;0;0;0;0;0;0;0;0;0;0#1
1;1;2;1;1;1;2;4;2;4;1;1;1;5;0;0;0;0;0;0;0;0;0;0#1
0;0;0;1;0;0;0;0;0;0;0;0;0;0;0;0;0;0;0;0;0;0;0;0#1
7;7;7;24;7;9;7;7;7;7;9;7;24;30;0;0;0;0;0;0;0;0;0;0#1
2;6;23;9;9;2;6;6;29;6;2;2;9;24;0;0;0;0;0;0;0;0;0;0#1
0;0;1;3;0;0;1;1;0;0;0;0;3;4;0;0;1;0;0;0;0;1;0;0#1
2;0;0;7;0;2;0;4;0;4;0;2;7;8;0;0;0;0;0;0;0;0;0;0#1
2;0;1;6;0;2;1;3;1;3;0;2;6;7;0;0;0;0;0;0;0;0;0;0#1
0;2;1;7;1;0;1;4;1;1;0;0;7;7;0;0;0;0;0;0;0;0;0;0#1
4;4;0;7;0;5;0;4;0;0;5;0;7;23;0;0;0;0;0;0;0;0;0;0#1
3;3;4;21;2;6;3;3;2;2;6;2;21;26;0;0;0;0;0;0;0;0;1;0#1
2;2;1;11;0;3;1;2;0;0;3;0;10;10;0;0;0;0;0;0;0;0;0;0#1
1;1;2;1;1;1;2;2;1;1;1;1;1;1;0;0;0;0;0;0;0;0;0;0#1
0;0;0;0;0;0;1;0;0;0;0;0;0;0;0;0;0;0;0;0;0;0;0;0#1
3;3;4;15;4;11;3;3;4;3;7;4;15;21;0;0;0;0;0;0;0;0;0;0#1
0;0;2;0;0;0;3;2;0;0;0;0;0;0;0;0;0;0;0;0;0;0;0;0#1
1;0;14;1;0;1;3;3;2;2;0;1;1;2;0;0;0;0;0;0;0;0;0;0#1
5;5;3;9;0;6;3;5;0;0;6;0;9;20;0;0;0;0;0;0;0;0;0;0#1
3;3;2;7;0;6;2;3;0;0;6;0;7;25;0;0;0;0;0;0;0;0;0;0#1
5;5;1;33;9;13;1;5;1;5;9;11;36;33;0;0;0;0;0;1;0;0;0;0#1
5;5;5;18;1;7;5;5;1;1;7;1;18;21;0;0;0;0;0;0;0;0;0;0#1
3;3;3;20;7;7;3;3;3;3;7;7;34;20;0;0;0;0;0;1;0;0;0;0#1
6;6;4;12;4;12;4;6;4;4;8;4;12;23;0;0;0;0;0;0;0;0;0;0#1
4;4;7;35;7;13;4;4;8;4;7;9;37;35;0;0;0;0;0;1;0;0;0;0#1
0;0;0;0;0;0;1;0;0;0;0;0;0;0;0;0;0;0;0;0;0;0;0;0#1
6;6;2;22;6;11;2;6;2;6;6;8;35;22;0;0;0;0;0;1;0;0;0;0#1
6;6;3;14;3;14;3;6;3;3;8;3;14;24;0;0;0;0;0;0;0;0;0;0#1
0;0;1;0;0;0;0;0;1;0;0;0;0;0;0;0;0;0;0;0;0;0;0;0#1
0;0;0;0;0;0;0;0;0;1;0;0;0;0;0;0;0;0;0;0;0;0;0;0#1
1;2;1;2;1;1;1;1;1;1;1;1;2;4;0;0;0;0;0;0;0;0;0;0#1
13;11;4;22;11;13;4;15;4;15;11;13;22;41;0;0;0;0;0;0;0;0;1;0#1
4;2;3;10;2;5;3;4;3;3;2;3;10;13;0;0;0;0;0;0;0;0;0;0#1
0;0;2;0;0;0;1;1;0;0;0;0;0;0;0;0;0;0;0;0;0;0;0;0#1
0;1;3;0;0;0;2;2;0;0;0;0;0;2;0;0;0;0;0;0;0;0;0;0#1
0;0;0;0;0;0;0;0;0;1;0;0;0;0;0;0;0;0;0;0;0;0;0;0#1
0;0;1;2;0;0;1;3;1;3;0;0;2;2;0;0;0;0;0;0;0;0;0;0#1
0;0;4;0;0;0;1;1;0;0;0;0;0;1;0;0;0;0;0;0;0;0;0;0#1
3;3;5;24;3;15;3;3;3;3;7;3;18;18;0;0;0;0;0;0;0;0;0;0#1
1;1;6;1;1;1;5;5;4;4;1;1;1;2;0;0;0;0;0;0;0;0;0;0#1
1;1;6;1;1;1;5;5;4;4;1;1;1;4;0;0;0;0;0;0;0;0;0;0#1
0;0;0;0;0;0;0;0;0;1;0;0;0;0;0;0;0;0;0;0;0;0;0;0#1
5;5;7;37;11;16;5;5;7;5;11;12;31;31;0;0;0;0;0;1;0;0;0;0#1
2;2;3;19;4;5;2;2;3;2;4;5;21;19;0;0;0;0;0;1;0;0;0;0#1
11;20;11;35;4;11;11;21;4;4;11;4;35;59;0;0;0;0;0;0;0;0;1;0#1
4;4;4;9;3;4;4;4;3;3;4;3;9;10;0;0;0;0;0;0;0;0;0;0#1
2;3;5;13;1;2;5;5;1;1;2;1;13;20;0;0;0;0;0;0;0;0;0;0#1
0;0;1;2;0;0;1;2;1;2;0;0;2;7;0;0;0;0;0;0;0;0;0;0#1
1;1;2;1;1;1;2;4;2;3;1;1;1;5;0;0;0;0;0;0;0;0;0;0#1
1;1;2;1;1;1;2;4;2;3;1;1;1;5;0;0;0;0;0;0;0;0;0;0#1
1;0;0;0;0;0;0;1;0;1;0;1;0;0;0;0;0;0;0;0;0;0;0;0#1
4;4;1;14;6;13;1;4;1;4;6;7;14;20;0;0;0;0;0;0;0;0;0;0#1
6;6;2;25;4;8;2;5;2;4;8;4;25;33;0;0;0;0;0;0;0;0;0;0#1
0;0;3;0;0;0;2;2;0;0;0;0;0;0;0;0;0;0;0;0;0;0;0;0#1
10;10;2;15;6;10;2;4;2;6;10;6;15;37;0;0;0;0;0;0;0;0;0;0#1
0;0;2;2;0;0;2;5;1;1;0;0;0;0;0;0;0;0;0;0;0;0;0;0#1
12;11;11;28;10;12;11;16;10;10;11;10;28;37;0;0;0;0;0;0;0;0;0;0#1
0;0;1;0;0;0;1;1;0;0;0;0;0;0;0;0;0;0;0;0;0;0;0;0#1
9;6;5;19;6;11;6;5;6;9;6;9;19;35;0;0;0;0;0;0;0;0;0;0#1
0;0;1;0;0;0;1;2;1;1;0;0;0;0;0;0;0;0;0;0;0;0;0;0#1
11;5;6;20;5;13;6;8;6;10;5;10;20;36;0;0;0;0;0;0;0;0;0;0#1
9;6;6;19;6;11;6;7;6;9;6;9;19;33;0;0;0;0;0;0;0;0;0;0#1
3;3;5;11;3;7;3;3;3;3;7;3;11;16;0;0;0;0;0;0;0;0;0;0#1
5;5;4;6;3;5;5;4;3;3;5;3;6;12;0;0;0;0;0;0;0;0;0;0#1
0;0;4;0;0;0;2;2;3;2;0;0;0;0;0;0;0;0;0;0;0;0;0;0#1
2;2;6;0;5;0;2;2;5;2;2;2;0;23;0;0;0;0;0;0;0;0;0;0#1
2;2;6;0;5;0;2;2;5;2;2;2;0;23;0;0;0;0;0;0;0;0;0;0#1
2;2;6;0;5;0;2;2;5;2;2;2;0;23;0;0;0;0;0;0;0;0;0;0#1
1;1;2;14;4;2;1;1;4;1;2;2;17;14;0;0;0;0;0;1;0;0;0;0#1
0;0;5;0;0;0;1;1;6;1;0;0;0;0;0;0;0;0;0;0;0;0;0;0#1
3;3;6;15;1;5;3;3;1;1;5;1;15;28;0;0;0;0;0;0;0;0;0;0#1
0;0;4;0;0;0;4;4;1;1;0;0;0;0;0;0;0;0;0;0;0;0;0;0#1
0;0;4;0;0;0;4;6;0;0;0;0;0;1;0;0;0;0;0;0;0;0;0;0#1
1;0;1;0;0;0;1;7;1;4;0;1;0;0;0;0;0;0;0;0;0;0;0;0#1
2;2;6;0;5;0;2;2;5;2;2;2;0;23;0;0;0;0;0;0;0;0;0;0#1
0;1;8;1;1;0;4;4;2;2;0;0;1;2;0;0;0;0;0;0;0;0;0;0#1
9;9;8;22;8;12;8;9;8;8;11;8;22;49;0;0;0;0;0;0;0;0;0;0#1
9;9;8;22;8;12;8;9;8;8;11;8;22;49;0;0;0;0;0;0;0;0;0;0#1
7;7;7;15;4;9;7;7;4;4;9;4;15;40;0;0;0;0;0;0;0;0;0;0#1
0;5;5;9;2;0;5;6;2;2;0;0;9;19;0;0;0;0;0;0;0;0;0;0#1
7;5;5;14;5;7;5;7;5;5;5;5;14;22;0;0;0;0;0;0;0;0;0;0#1
2;2;8;11;7;9;2;2;8;2;7;9;11;16;0;0;0;0;0;0;0;0;0;0#1
0;3;3;0;2;0;3;4;2;2;0;0;0;8;0;0;0;0;0;0;0;0;0;0#1
0;0;6;2;0;0;3;3;6;3;0;0;2;2;0;0;0;0;0;0;0;0;0;0#1
0;0;2;0;0;0;2;2;0;0;0;0;0;0;0;0;0;0;0;0;0;0;0;0#1
2;2;6;0;5;0;2;2;5;2;2;2;0;23;0;0;0;0;0;0;0;0;0;0#1
1;1;5;15;2;6;1;1;2;1;6;2;15;23;0;0;0;0;0;0;0;0;0;0#1
6;6;2;31;11;8;2;5;2;6;8;8;31;31;0;0;0;0;0;1;0;0;0;0#1
1;2;7;4;2;1;7;7;6;6;1;1;4;5;0;0;0;0;0;0;0;0;0;0#1
2;0;7;3;0;3;2;2;0;0;0;0;3;5;0;0;0;0;0;0;0;0;0;0#1
0;0;1;0;0;0;1;5;0;0;0;0;0;0;0;0;0;0;0;0;0;0;0;0#1
0;0;0;0;0;0;0;1;0;0;0;0;0;0;0;0;0;0;0;0;0;0;0;0#1
0;0;4;0;0;0;4;4;1;1;0;0;0;0;0;0;0;0;0;0;0;0;0;0#1
1;1;1;1;0;1;1;2;0;0;1;0;1;2;0;0;0;0;0;0;0;0;0;0#1
1;1;1;0;0;0;1;2;0;0;1;0;0;2;0;0;0;0;0;0;0;0;0;0#1
5;5;7;23;4;17;5;5;4;4;10;4;23;28;0;0;0;0;0;0;0;0;0;0#1
2;2;0;0;1;0;0;1;0;1;2;1;0;2;0;0;0;0;0;0;0;0;0;0#1
1;1;3;9;3;1;1;1;3;1;1;1;9;12;0;0;0;0;0;0;0;0;0;0#1
0;0;3;0;0;0;3;4;1;1;0;0;0;0;0;0;1;0;0;0;0;0;0;0#1
2;2;0;0;0;0;0;1;0;0;2;0;0;2;0;0;0;0;0;0;0;0;0;0#1
0;0;1;0;0;0;1;5;0;0;0;0;0;0;0;0;0;0;0;0;0;0;0;0#1
2;0;3;1;0;1;2;2;3;2;0;4;1;2;0;0;0;0;0;0;0;0;0;0#1
6;3;12;6;3;6;7;7;4;4;3;4;6;28;0;0;0;0;0;0;0;0;0;0#1
2;2;6;0;5;0;2;2;5;2;2;2;0;23;0;0;0;0;0;0;0;0;0;0#1
0;0;4;0;0;0;1;1;1;1;0;0;0;0;0;0;0;0;0;0;0;0;0;0#1
4;4;1;14;6;13;1;4;1;4;6;7;14;20;0;0;0;0;0;0;0;0;0;0#1
6;6;4;21;8;9;4;6;4;6;9;8;21;34;0;0;0;0;0;0;0;0;0;0#1
4;4;3;17;2;5;3;4;2;2;5;2;17;23;0;0;0;0;0;0;0;0;0;0#1
0;0;1;0;0;0;0;0;0;0;0;0;0;0;0;0;0;0;0;0;0;0;0;0#1
0;0;1;0;0;0;1;2;0;0;0;0;0;0;0;0;0;0;0;0;0;0;0;0#1
0;0;2;0;0;0;2;2;0;0;0;0;0;0;0;0;0;0;0;0;0;0;0;0#1
0;0;1;0;0;0;1;3;0;0;0;0;0;0;0;0;0;0;0;0;0;0;0;0#1
5;6;9;5;2;5;6;6;2;2;5;2;5;28;0;0;0;0;0;0;0;0;0;0#1
0;0;1;0;0;0;0;0;0;0;0;0;0;0;0;0;0;0;0;0;0;0;0;0#2
0;0;3;0;0;0;0;0;1;0;0;0;0;0;0;0;0;0;0;0;0;0;0;0#2
0;0;1;0;0;0;0;0;0;0;0;0;0;0;2;0;0;0;0;0;0;0;0;0#2
0;0;0;0;0;0;0;0;0;0;0;0;0;0;6;0;0;0;0;0;0;0;0;0#2
0;0;0;0;0;0;0;0;0;0;0;0;0;0;1;0;0;0;0;0;0;0;0;0#2
0;0;0;0;0;0;0;0;0;0;0;0;0;0;2;0;0;0;0;0;0;0;2;0#2
0;0;0;0;0;0;0;0;0;0;0;0;0;0;1;0;0;0;0;0;0;0;0;0#2
0;0;0;0;0;0;0;0;0;0;0;0;0;0;4;0;0;0;0;0;0;0;0;0#2
0;0;0;0;0;0;0;0;0;0;0;0;0;0;1;0;0;0;0;0;0;0;0;0#2
0;0;1;0;0;0;0;0;0;0;0;0;0;0;0;0;0;0;0;0;0;0;0;0#2
0;0;0;0;0;0;0;0;0;0;0;0;0;0;1;0;0;0;0;0;0;0;0;0#2
0;0;0;0;0;0;0;0;0;0;0;0;0;0;2;0;0;0;0;0;0;0;0;0#2
0;0;1;0;0;0;0;0;0;0;0;0;0;0;0;0;0;0;0;0;0;0;0;0#2
0;0;0;0;0;0;0;0;0;0;0;0;0;0;1;0;0;0;0;0;0;0;0;0#2
0;0;0;0;0;0;0;0;0;0;0;0;0;0;6;0;0;0;0;0;0;0;0;0#2
0;0;0;0;0;0;0;0;0;0;0;0;0;0;1;0;0;0;0;0;0;0;0;0#2
0;0;1;0;0;0;0;0;0;0;0;0;0;0;6;0;0;0;0;0;0;0;0;0#2
0;0;0;0;0;0;0;0;0;0;0;0;0;0;2;0;0;0;0;0;0;0;1;0#2
0;0;1;0;0;0;0;0;0;0;0;0;0;0;5;0;0;0;0;0;0;0;0;0#2
0;0;0;0;0;0;0;0;0;0;0;0;0;0;1;0;0;0;0;0;0;0;0;0#2
0;0;0;0;0;0;0;0;0;0;0;0;0;0;1;0;0;0;0;0;0;0;0;0#2
0;0;1;0;0;0;0;0;0;0;0;0;0;0;3;0;0;0;0;0;0;0;0;0#2
0;0;4;0;0;0;0;0;0;0;0;0;0;0;4;0;0;0;0;0;0;0;0;0#2
0;0;0;0;0;0;0;0;0;0;0;0;0;0;2;0;0;0;0;0;0;0;0;0#2
0;0;0;0;0;0;0;0;0;0;0;0;0;0;2;0;0;0;0;0;0;0;0;0#2
0;0;1;0;0;0;0;0;0;0;0;0;0;0;0;0;0;0;0;0;0;0;0;0#2
0;0;1;0;0;0;0;0;1;0;0;1;0;0;0;0;0;0;0;0;0;0;0;0#2
0;0;1;0;0;0;0;0;0;0;0;0;0;0;4;0;0;0;0;0;0;0;0;0#2
0;0;0;0;0;0;0;0;0;0;0;0;0;0;5;0;0;0;0;0;0;0;0;0#2
0;0;1;0;0;1;0;0;0;0;0;0;0;0;0;0;0;0;0;0;0;0;0;0#2
0;0;0;0;0;0;0;0;0;0;0;0;0;0;5;0;0;0;0;0;0;0;0;0#2
0;0;2;0;0;0;0;0;0;0;0;0;0;0;5;0;0;0;0;0;0;0;0;0#2
0;0;1;0;0;0;0;0;0;0;0;0;0;0;0;0;0;0;0;0;0;0;0;0#2
0;0;5;0;0;0;0;0;0;0;0;0;0;0;11;0;0;0;0;0;0;0;1;0#2
0;0;0;0;0;0;0;0;0;0;0;0;0;0;3;0;0;0;0;0;0;0;0;0#2
0;0;0;0;0;0;0;0;1;0;0;0;0;0;0;0;0;0;0;0;0;0;0;0#2
0;0;0;0;0;0;0;0;0;0;0;0;0;0;3;0;0;0;0;0;0;0;0;0#2
0;0;2;0;0;1;0;0;0;0;0;0;0;0;0;0;0;0;0;0;0;0;0;0#2
0;0;5;0;0;0;0;0;3;0;0;0;0;3;6;0;0;0;0;0;0;0;0;0#2
0;0;1;0;0;0;0;0;0;0;0;0;0;0;4;0;0;0;0;0;0;0;0;0#2
0;0;0;0;0;0;0;0;0;0;0;0;0;0;2;0;0;0;0;0;0;0;0;0#2
0;0;0;0;0;0;0;0;0;0;0;0;0;0;1;0;0;0;0;0;0;0;0;0#2
0;0;0;0;0;0;0;0;0;0;0;0;0;0;2;0;0;0;0;0;0;0;0;0#2
0;0;0;0;0;0;0;0;0;0;0;0;0;0;2;0;0;0;0;0;0;0;0;0#2
0;0;0;0;0;0;0;0;0;0;0;0;0;0;1;0;0;0;0;0;0;0;0;0#2
0;0;0;0;0;0;0;0;0;0;0;0;0;0;2;0;0;0;0;0;0;0;0;0#2
0;0;0;1;0;0;0;0;0;0;0;0;0;0;3;0;0;0;0;0;0;0;1;0#2
0;0;0;0;0;0;0;0;0;0;0;0;0;0;3;0;0;0;0;0;0;0;0;0#2
0;0;0;0;0;0;0;0;0;0;0;0;0;0;2;0;0;0;0;0;0;0;0;0#2
0;0;1;0;0;0;0;0;0;0;0;0;0;0;1;0;0;0;0;0;0;0;0;0#2
0;0;1;0;0;0;0;0;1;0;0;0;0;0;0;0;0;0;0;0;0;0;0;0#2
0;0;0;0;0;0;0;0;0;0;0;0;0;0;6;0;0;0;0;0;0;0;0;0#2
0;0;1;0;0;0;0;0;0;0;0;0;0;0;4;0;0;0;0;0;0;0;1;0#2
0;0;0;0;0;0;0;0;0;0;0;0;0;0;2;0;0;0;0;0;0;0;0;0#2
0;0;0;0;0;0;0;0;0;0;0;0;2;0;0;0;0;0;0;0;0;0;1;0#2
0;0;2;0;0;0;0;0;1;0;0;0;0;0;3;0;0;0;0;0;0;0;0;0#2
0;0;1;0;0;0;0;0;0;0;0;0;0;0;0;0;0;0;0;0;0;0;0;0#2
0;0;0;0;0;0;0;0;0;0;0;0;0;0;4;0;0;0;0;0;0;0;0;0#2
0;0;0;0;0;0;0;0;0;0;0;0;0;0;7;0;0;0;0;0;0;0;6;0#2
0;0;0;0;0;0;0;0;0;0;0;0;0;0;3;0;0;0;0;0;0;0;0;0#2
0;0;0;0;0;0;0;0;1;0;0;0;0;0;0;0;0;0;0;0;0;0;0;0#2
0;0;0;0;0;0;0;0;0;0;0;0;0;0;8;0;0;0;0;0;0;0;0;0#2
0;0;1;0;0;0;0;0;0;0;0;0;0;0;1;0;0;0;0;0;0;0;0;0#2
0;0;0;0;0;0;0;0;0;0;0;0;0;0;1;0;0;0;0;0;0;0;0;0#2
0;0;0;0;0;0;0;0;0;0;0;0;0;0;2;0;0;0;0;0;0;0;0;0#2
0;0;1;0;0;0;0;0;0;0;0;0;0;0;0;0;0;0;0;0;0;0;0;0#2
0;0;0;0;0;0;0;0;0;0;0;0;0;0;2;0;0;0;0;0;0;0;0;0#2
0;0;0;0;0;0;0;0;0;0;0;0;0;0;1;0;0;0;0;0;0;0;0;0#2
0;0;0;0;0;0;0;0;0;0;0;0;0;0;3;0;0;0;0;0;0;0;0;0#2
0;0;8;0;0;0;0;0;1;0;0;0;1;0;2;0;0;0;0;0;0;0;0;0#2
0;0;1;0;0;0;0;0;0;0;0;0;0;0;3;0;0;0;0;0;0;0;0;0#2
0;0;0;0;0;0;0;0;0;0;0;0;0;0;8;0;0;0;0;0;0;0;0;0#2
0;0;1;0;0;0;0;0;0;0;0;0;0;0;2;0;0;0;0;0;0;0;0;0#2
0;0;1;0;0;0;0;0;0;0;0;0;0;0;2;0;0;0;0;0;0;0;0;0#2
0;0;0;0;0;0;0;0;0;0;0;0;0;0;4;0;0;0;0;0;0;0;0;0#2
0;0;2;0;0;0;0;0;0;0;0;0;0;0;0;0;0;0;0;0;0;0;0;0#2
0;0;0;0;0;0;0;0;0;0;0;0;0;0;1;0;0;0;0;0;0;0;0;0#2
0;0;1;0;0;0;0;0;0;0;0;0;0;0;0;0;0;0;0;0;0;0;0;0#2
0;0;7;3;0;0;1;1;1;1;0;0;1;1;16;0;0;0;0;0;0;0;0;0#2
0;0;1;0;0;0;0;0;0;0;0;0;0;0;2;0;0;0;0;0;0;0;2;0#2
0;0;0;0;0;0;0;0;0;0;0;0;0;0;1;0;0;0;0;0;0;0;0;0#2
0;0;0;0;0;0;0;0;0;0;0;0;0;0;5;0;0;0;0;0;0;0;0;0#2
0;0;0;0;0;0;0;0;0;0;0;0;0;0;1;0;0;0;0;0;0;0;0;0#2
0;0;1;0;0;0;0;0;0;0;0;0;0;0;0;0;0;0;0;0;0;0;0;0#2
0;0;0;0;0;0;0;0;0;0;0;0;0;0;12;0;0;0;0;1;0;0;0;0#2
0;0;1;0;0;0;0;0;0;0;0;0;0;0;0;0;0;0;0;0;0;0;0;0#2
0;0;0;0;0;0;0;0;0;0;0;0;0;0;6;0;0;0;0;0;0;0;0;0#2
0;0;2;0;0;0;0;0;1;0;0;0;0;0;0;0;0;0;0;0;0;0;0;0#2
0;0;2;0;0;0;0;0;0;0;0;0;0;0;0;0;0;0;0;0;0;0;0;0#2
0;0;0;0;0;0;0;0;0;0;0;0;0;0;4;0;0;0;0;0;0;0;0;0#2
0;0;2;0;0;0;0;0;0;0;0;0;0;0;0;0;0;0;0;0;0;0;0;0#2
0;0;0;0;0;0;0;0;0;0;0;0;0;0;3;0;0;0;0;0;0;0;0;0#2
0;0;0;0;0;0;0;0;0;0;0;0;0;0;1;0;0;0;0;0;0;0;0;0#2
0;0;0;0;0;0;0;0;0;0;0;0;0;0;1;0;0;0;0;0;0;0;0;0#2
0;0;0;0;0;0;0;0;0;0;0;0;0;0;4;0;0;0;0;0;0;0;0;0#2
0;0;0;0;0;0;0;0;0;0;0;0;0;0;2;0;0;0;0;0;0;0;0;0#2
0;0;0;0;0;0;0;0;0;0;0;0;0;0;4;0;0;0;0;0;0;0;0;0#2
0;0;0;0;0;0;0;0;0;0;0;0;0;0;1;0;0;0;0;0;0;0;0;0#2
0;0;1;0;0;0;0;0;1;0;0;0;0;0;5;0;0;0;0;0;0;0;0;0#2
0;0;0;0;0;0;0;0;0;0;0;0;0;0;4;0;0;0;0;0;0;0;0;0#2
0;0;1;0;0;0;0;0;0;0;0;0;0;0;6;0;0;0;0;0;0;0;0;0#2
0;0;2;0;0;0;0;0;1;0;0;0;0;0;1;0;0;0;0;0;0;0;0;0#2
0;0;0;0;0;0;0;0;0;0;0;0;0;0;1;0;0;0;0;0;0;0;0;0#2
0;0;1;0;0;0;0;0;0;0;0;0;0;0;4;0;0;0;0;0;0;0;0;0#2
0;0;1;0;0;0;0;0;0;0;0;0;0;0;3;0;0;0;0;3;0;0;0;0#2
0;0;0;0;0;0;0;0;0;0;0;0;0;0;2;0;0;0;0;0;0;0;0;0#2
0;0;8;0;0;0;0;0;0;0;0;0;0;3;5;0;0;0;0;0;0;0;0;0#2
0;0;0;0;0;0;0;0;0;0;0;0;0;0;1;0;0;0;0;0;0;0;0;0#2
0;0;0;0;0;0;0;0;0;0;0;0;0;0;4;0;0;0;0;0;0;0;1;0#2
0;0;0;0;0;0;0;0;0;0;0;0;0;0;1;0;0;0;0;0;0;0;0;0#2
0;0;0;0;0;0;0;0;0;0;0;0;0;2;2;0;0;0;0;0;0;0;0;0#2
0;0;0;0;0;0;0;0;0;0;0;0;0;0;1;0;0;0;0;0;0;0;0;0#2
0;0;0;0;0;0;0;0;0;0;0;0;0;0;1;0;0;0;0;0;0;0;0;0#2
0;0;0;0;0;0;0;0;0;0;0;0;0;0;4;0;0;0;0;0;0;0;0;0#2
0;0;2;0;0;0;0;0;0;0;0;0;0;0;0;0;0;0;0;0;0;0;0;0#2
0;0;0;0;0;0;0;0;0;0;0;0;0;0;1;0;0;0;0;0;0;0;0;0#2
0;0;1;0;0;0;0;0;0;0;0;0;0;0;1;0;0;0;0;0;0;0;0;0#2
0;0;0;0;0;0;0;0;0;0;0;0;0;0;3;0;0;0;0;0;0;0;0;0#2
0;0;3;0;0;0;0;0;4;0;0;3;0;0;4;0;0;0;0;0;0;0;0;0#2
0;0;2;0;0;0;0;0;0;0;0;0;0;0;5;0;0;0;0;0;0;0;0;0#2
0;0;3;0;0;0;0;0;4;0;0;3;0;0;4;0;0;0;0;0;0;0;0;0#2
0;0;1;0;0;0;0;0;0;0;0;0;0;0;8;0;0;0;0;0;0;0;0;0#2
0;0;0;0;0;0;0;0;0;0;0;0;0;0;3;0;0;0;0;0;0;0;0;0#2
0;0;2;0;0;0;0;0;0;0;0;0;0;0;1;0;0;0;0;0;0;0;0;0#2
0;0;0;0;0;0;0;0;0;0;0;0;0;0;1;0;0;0;0;0;0;0;0;0#2
0;0;0;0;0;0;0;0;0;0;0;0;0;0;1;0;0;0;0;0;0;0;0;0#2
0;0;0;0;0;0;0;0;0;0;0;0;0;0;3;0;0;0;0;0;0;0;0;0#2
0;0;0;0;0;0;0;0;0;0;0;0;0;0;3;0;0;0;0;0;0;0;0;0#2
0;0;0;0;0;0;0;0;0;0;0;0;0;0;1;0;0;0;0;0;0;0;0;0#2
0;0;2;0;0;0;0;0;1;0;0;0;0;0;5;0;0;0;0;0;0;0;0;0#2
0;0;1;0;0;0;1;1;0;0;0;0;0;0;0;0;0;0;0;0;0;0;0;0#2
0;0;2;0;0;0;0;0;0;0;0;0;0;0;1;0;0;0;0;1;0;0;9;1#2
0;0;1;0;0;0;0;0;0;0;0;0;0;0;1;0;0;0;0;0;0;0;0;0#2
0;0;0;0;0;0;2;0;0;0;0;0;0;0;0;0;0;0;0;0;0;0;0;0#2
0;0;1;0;0;0;0;0;0;0;0;0;0;0;0;0;0;0;0;0;0;0;0;0#2
0;0;0;0;0;0;1;0;0;0;0;0;0;2;1;0;0;0;0;0;0;0;0;0#2
0;0;2;0;0;0;0;0;0;0;0;0;0;0;1;0;0;0;0;0;0;0;0;0#2
0;0;0;0;0;0;0;0;0;0;0;0;0;0;1;0;0;0;0;0;0;0;0;0#2
0;0;2;0;0;0;0;0;0;0;0;0;0;0;1;0;0;0;0;0;0;0;0;0#2
0;0;1;0;0;0;0;0;0;0;0;0;0;0;1;0;0;0;0;0;0;0;1;0#2
0;0;0;0;0;0;0;0;0;0;0;0;0;0;5;0;0;0;0;0;0;0;0;0#2
0;0;0;0;0;0;0;0;0;0;0;0;0;1;3;0;0;0;0;0;0;0;0;0#2
0;0;0;0;0;0;0;0;0;0;0;0;0;0;1;0;0;0;0;0;0;0;0;0#2
0;0;0;0;0;0;0;0;0;0;0;0;0;0;2;0;0;0;0;0;0;0;0;0#2
0;0;0;0;0;0;0;0;0;0;0;0;0;0;2;0;0;0;0;0;0;0;0;0#2
0;0;0;0;0;0;0;0;0;0;0;0;0;0;2;0;0;0;0;0;0;0;0;0#2
0;0;1;0;0;0;0;0;0;0;0;0;0;0;1;0;0;0;0;0;0;0;0;0#2
0;0;1;0;0;0;0;0;0;0;0;0;0;0;1;0;0;0;0;0;0;0;0;0#2
0;0;0;0;0;0;0;0;0;0;0;0;0;0;3;0;0;0;0;0;0;0;0;0#2
0;0;0;0;0;0;0;0;0;0;0;0;0;0;2;0;0;0;0;0;0;0;0;0#2
1;1;1;1;0;1;1;2;0;0;1;0;1;2;0;0;0;0;0;0;0;0;0;0#2
0;0;0;0;0;0;0;0;0;0;0;0;0;0;4;0;0;0;0;0;0;0;0;0#2
0;0;1;0;0;0;0;0;0;0;0;0;0;0;4;0;0;0;0;0;0;0;2;0#2
0;0;1;0;0;0;0;0;0;0;0;0;0;0;8;0;0;0;0;0;0;0;2;0#2
0;0;0;0;0;0;0;0;0;0;0;0;0;0;1;0;0;0;0;0;0;0;0;0#2
0;0;2;0;0;0;0;0;0;0;0;0;0;0;1;0;0;0;0;0;0;0;0;0#2
0;0;1;0;0;0;0;0;0;0;0;0;0;0;2;0;0;0;0;0;0;0;0;0#2
0;0;1;0;0;0;0;0;0;0;0;0;0;0;0;0;0;0;0;0;0;0;0;0#2
0;0;0;0;0;0;0;0;0;0;0;0;0;0;1;0;0;0;0;0;0;0;0;0#2
0;0;0;0;0;0;0;0;0;0;0;0;0;0;2;0;0;0;0;0;0;0;1;0#2
0;0;0;0;0;0;0;0;0;0;0;0;0;0;2;0;0;0;0;0;0;0;1;0#2
0;0;0;0;0;0;0;0;0;0;0;0;0;0;1;0;0;0;0;0;0;0;0;0#2
0;0;0;0;0;0;0;0;0;0;0;0;0;0;1;0;0;0;0;0;0;0;0;0#2
0;0;0;0;0;0;0;0;0;0;0;0;0;0;1;0;0;0;0;0;0;0;0;0#2
0;0;0;0;0;0;0;0;0;0;0;0;0;0;3;0;0;0;0;0;0;0;0;0#2
0;0;0;0;0;0;0;1;0;0;0;0;0;1;2;0;0;0;0;0;0;0;0;0#2
0;0;0;0;0;0;0;0;1;0;0;0;0;0;0;0;0;0;0;0;0;0;0;0#2
0;0;0;0;0;0;0;0;0;0;0;0;0;0;3;0;0;0;0;0;0;0;0;0#2
0;0;0;0;0;0;0;0;0;0;0;0;0;0;1;0;0;0;0;0;0;0;0;0#2
0;0;0;0;0;0;0;0;0;0;0;0;2;0;0;0;0;0;0;0;0;0;1;0#2
0;0;0;0;0;0;0;0;0;0;0;0;0;0;2;0;0;0;0;0;0;0;0;0#2
0;0;0;0;0;0;0;0;0;0;0;0;0;0;1;0;0;0;0;0;0;0;0;0#2
0;0;0;0;0;0;0;0;0;0;0;0;0;0;1;0;0;0;0;0;0;0;0;0#2
0;0;0;0;0;0;0;0;0;0;0;0;0;0;1;0;0;0;0;0;0;0;0;0#2
0;0;0;0;0;0;0;1;0;0;0;0;0;0;5;0;0;0;0;0;0;0;0;0#2
0;0;0;0;0;0;0;0;0;0;0;0;0;0;1;0;0;0;0;0;0;0;0;0#2
0;0;1;0;0;0;0;0;0;0;0;0;0;0;3;0;0;0;0;0;0;0;0;0#2
0;0;0;0;0;0;0;0;0;0;0;0;0;0;4;0;0;0;0;0;0;0;0;0#2
0;0;0;0;0;0;0;0;0;0;0;0;0;0;1;0;0;0;0;0;0;0;0;0#2
0;0;0;0;0;0;0;0;0;0;0;0;0;0;1;0;0;0;0;0;0;0;0;0#2
0;0;1;0;0;0;0;0;0;0;0;0;0;0;3;0;0;0;0;0;0;0;0;0#2
0;0;6;0;0;0;0;0;0;0;0;0;0;1;9;0;0;0;0;0;0;0;0;0#2
0;0;1;0;0;0;0;0;0;0;0;0;0;0;0;0;0;0;0;0;0;0;1;0#2
0;0;0;0;0;0;0;0;0;0;0;0;0;0;1;0;0;0;0;0;0;0;0;0#2
0;0;0;0;0;0;0;0;0;0;0;0;0;0;1;0;0;0;0;0;0;0;0;0#2
0;0;0;0;0;0;0;0;0;0;0;0;0;0;1;0;0;0;0;0;0;0;0;0#2
0;0;0;0;0;0;0;0;0;0;0;0;0;0;2;0;0;0;0;0;0;0;0;0#2
0;0;0;0;0;0;0;0;0;0;0;0;0;0;1;0;0;0;0;0;0;0;0;0#2
0;0;0;0;0;0;0;0;0;0;0;0;0;0;1;0;0;0;0;0;0;0;0;0#2
0;0;0;0;0;0;1;0;0;0;0;0;0;0;0;0;0;0;0;0;0;0;0;0#2
0;0;0;0;0;0;0;0;0;0;0;0;0;0;1;0;0;0;0;0;0;0;0;0#2
0;0;1;0;0;0;0;0;0;0;0;0;0;0;5;0;0;0;0;0;0;0;0;0#2
0;0;0;0;0;0;0;0;0;0;0;0;0;0;1;0;0;0;0;0;0;0;0;0#2
0;0;1;0;0;0;0;0;0;0;0;0;0;0;2;0;0;0;0;0;0;0;0;0#2
0;0;0;0;0;0;0;0;0;0;0;0;0;0;2;0;0;0;0;0;0;0;0;0#2
0;0;0;0;0;0;0;0;0;0;0;0;0;0;1;0;0;0;0;0;0;0;0;0#2
0;0;0;0;0;0;0;0;0;0;0;0;0;0;4;0;0;0;0;0;0;0;0;0#2
0;0;1;0;0;0;0;0;0;0;0;0;0;0;3;0;0;0;0;0;0;0;0;0#2
0;0;0;0;0;0;0;0;0;0;0;0;0;0;2;0;0;0;0;0;0;0;0;0#2
0;0;0;0;0;0;0;0;0;0;0;0;0;0;1;0;0;0;0;0;0;0;0;0#2
0;0;0;0;0;0;0;0;0;0;0;0;0;0;1;0;0;0;0;0;0;0;0;0#2
0;0;0;0;0;0;0;0;0;0;0;0;0;0;2;0;0;0;0;0;0;0;0;0#2
0;0;0;0;0;0;0;0;0;0;0;0;0;0;1;0;0;0;0;0;0;0;0;0#2
0;0;0;0;0;0;0;0;0;0;0;0;0;0;2;0;0;0;0;0;0;0;0;0#2
0;0;0;0;0;0;0;0;0;0;0;0;0;0;2;0;0;0;0;0;0;0;0;0#2
0;0;0;0;0;0;0;0;0;0;0;0;0;0;3;0;0;0;0;0;0;0;0;0#2
0;0;0;0;0;0;0;0;0;0;0;0;0;0;3;0;0;0;0;0;0;0;0;0#2
0;0;0;0;0;0;0;0;0;0;0;0;0;0;12;0;0;0;0;0;0;0;1;0#2
0;0;0;0;0;0;0;0;0;0;0;0;0;0;1;0;0;0;0;0;0;0;0;0#2
0;0;1;0;0;0;0;0;0;0;0;0;0;0;0;0;0;0;0;0;0;0;0;0#2
0;0;0;0;0;0;0;0;0;0;0;0;0;0;2;0;0;0;0;0;0;0;0;0#2
0;0;0;0;0;0;0;0;0;0;0;0;0;0;1;0;0;0;0;0;0;0;0;0#2
0;0;1;0;0;0;0;0;0;0;0;0;0;0;5;0;0;0;0;0;0;0;0;0#2
0;0;0;0;0;0;0;0;0;0;0;0;0;0;2;0;0;0;0;0;0;0;0;0#2
0;0;0;0;0;0;0;0;0;0;0;0;0;0;1;0;0;0;0;0;0;0;0;0#2
0;0;1;0;0;0;0;0;1;0;0;0;0;0;1;0;0;0;0;0;0;0;0;0#2
0;0;2;0;0;0;0;0;0;0;0;0;0;0;1;0;0;0;0;0;0;0;0;0#2
0;0;0;0;1;0;0;0;1;0;0;0;0;0;0;0;0;0;0;0;0;0;0;0#2
0;0;0;0;0;0;1;0;0;0;0;0;0;0;0;0;0;0;0;0;0;0;0;0#2
0;0;0;0;0;0;0;0;0;0;0;0;0;0;1;0;0;0;0;0;0;0;0;0#2
0;0;1;0;0;0;0;0;0;0;0;0;0;0;0;0;0;0;0;0;0;0;0;0#2
0;0;0;0;0;0;0;0;0;0;0;0;0;0;2;0;0;0;0;0;0;0;0;0#2
0;0;1;0;0;0;0;0;0;0;0;0;0;0;0;0;0;0;0;0;0;0;0;0#2
0;0;0;0;0;0;0;0;0;0;0;0;0;0;1;0;0;0;0;0;0;0;0;0#2
0;0;1;0;0;0;0;0;1;0;0;0;0;0;0;0;0;0;0;0;0;0;0;0#2
0;0;1;0;0;0;0;0;0;0;0;0;0;0;0;0;0;0;0;0;0;0;0;0#2
0;0;0;0;0;0;0;0;0;0;0;0;0;0;1;0;0;0;0;0;0;0;0;0#2
0;0;0;0;0;0;0;0;0;0;0;0;0;0;3;0;0;0;0;0;0;0;0;0#2
0;0;0;0;0;0;0;0;0;0;0;0;0;0;2;0;0;0;0;0;0;0;0;0#2
0;0;0;0;0;0;0;0;0;0;0;0;0;0;1;0;0;0;0;0;0;0;0;0#2
0;0;0;0;0;0;0;0;0;0;0;0;0;0;1;0;0;0;0;0;0;0;0;0#2
0;0;0;0;0;0;0;0;0;0;0;0;0;0;1;0;0;0;0;0;0;0;0;0#2
0;0;1;0;0;0;0;0;0;0;0;0;0;0;8;0;0;0;0;0;0;0;0;0#2
0;0;5;0;0;0;0;0;0;0;0;0;0;0;7;0;0;0;0;0;0;0;0;0#2
0;0;0;0;0;0;1;0;0;0;0;0;0;0;1;0;0;0;0;0;0;0;0;0#2
0;0;0;0;0;0;0;0;0;0;0;0;0;0;1;0;0;0;0;0;0;0;0;0#2
0;0;0;0;0;0;0;0;0;0;0;0;0;0;1;0;0;0;0;0;0;0;0;0#2
0;0;0;0;0;0;0;0;0;0;0;0;0;0;3;0;0;0;0;0;0;0;0;0#2
0;0;0;0;0;0;0;0;0;0;0;0;0;0;4;0;0;0;0;0;0;0;0;0#2
0;0;0;0;0;0;1;0;0;0;0;0;0;0;0;0;0;0;0;0;0;0;0;0#2
0;0;0;0;0;0;1;0;0;0;0;0;0;0;0;0;0;0;0;0;0;0;0;0#2
0;0;0;0;0;0;0;0;0;0;0;0;0;0;0;2;0;0;0;0;0;0;0;0#3
0;0;1;0;0;0;0;0;0;0;0;0;0;0;0;0;0;0;0;0;0;0;0;0#3
0;0;0;0;0;0;0;0;0;0;0;0;0;0;0;1;0;0;0;0;0;0;0;0#3
0;0;0;0;0;0;0;0;0;0;0;0;0;0;0;2;0;0;0;0;0;0;0;0#3
0;0;5;0;0;0;0;0;0;0;0;0;0;0;0;30;0;0;0;9;0;0;3;3#3
0;0;1;0;0;0;0;0;0;0;0;0;0;0;0;1;0;0;0;0;0;0;0;0#3
0;0;0;0;0;0;0;0;0;0;0;0;0;0;0;0;0;0;0;1;0;0;0;0#3
0;0;0;0;0;0;0;0;0;0;0;0;0;0;0;0;0;0;0;1;0;0;0;0#3
0;0;0;0;0;0;0;0;0;0;0;0;0;0;0;1;0;0;0;0;0;0;0;0#3
0;0;0;0;0;0;0;0;0;0;0;0;0;0;0;1;0;0;0;0;0;0;0;0#3
0;0;2;0;0;0;0;0;1;0;0;0;0;0;0;4;0;0;0;0;0;0;0;0#3
0;0;0;0;0;0;0;0;0;0;0;0;0;0;0;1;0;0;0;0;0;0;0;0#3
0;0;1;0;0;0;0;0;0;0;0;0;0;0;0;0;0;0;0;0;0;0;0;0#3
0;0;0;1;0;0;0;0;0;0;0;0;0;0;0;0;0;0;0;0;0;0;0;0#3
0;0;0;0;0;0;0;0;0;0;0;0;0;0;0;1;0;0;0;0;0;0;0;0#3
0;0;0;0;0;0;0;0;0;0;0;0;0;0;0;1;0;0;0;0;0;0;0;0#3
0;0;1;0;0;0;0;0;0;0;0;0;0;0;0;1;0;0;0;0;0;0;0;0#3
0;0;0;0;0;0;0;0;0;0;0;0;0;0;0;2;0;0;0;0;0;0;0;0#3
0;0;0;0;0;0;0;0;0;0;0;0;0;0;0;2;0;0;0;0;0;0;0;0#3
0;0;0;0;0;0;0;0;0;0;0;0;0;0;0;2;0;0;0;0;0;0;0;0#3
0;0;1;0;0;0;0;0;0;0;0;0;0;0;0;0;0;0;0;0;0;0;0;0#3
0;0;0;0;0;0;0;0;0;0;0;0;0;0;0;2;0;0;0;0;0;0;0;0#3
0;0;0;0;0;0;0;0;0;0;0;0;0;0;0;3;0;0;0;0;0;0;0;0#3
0;0;0;0;0;0;0;0;0;0;0;0;0;0;0;1;0;0;0;0;0;0;0;0#3
0;0;0;0;0;0;0;0;0;0;0;0;0;0;0;2;0;0;0;0;0;0;0;0#3
0;0;2;0;0;0;0;0;0;0;0;0;0;0;0;2;0;0;0;0;0;0;0;0#3
0;0;1;0;0;0;0;0;0;0;0;0;0;0;0;4;0;0;0;1;0;0;3;1#3
0;0;0;0;0;0;0;0;0;0;0;0;0;0;0;1;0;0;0;0;0;0;0;0#3
0;0;0;0;0;0;0;0;0;0;0;0;0;0;0;1;0;0;0;0;0;0;0;0#3
0;0;0;0;0;0;0;0;0;0;0;0;0;0;0;1;0;0;0;0;0;0;0;0#3
0;0;2;0;0;0;0;0;0;0;0;0;0;0;0;6;0;0;0;0;0;0;0;0#3
0;0;0;0;0;0;0;0;0;0;0;0;0;0;0;0;0;0;0;0;0;0;3;0#3
0;0;1;0;0;0;0;0;0;0;0;0;0;0;0;0;0;0;0;0;0;0;0;0#3
0;0;1;0;0;0;0;0;0;0;0;0;0;0;0;0;0;0;0;0;0;0;0;0#3
0;0;1;0;0;0;0;0;0;0;0;0;0;0;0;2;0;0;0;0;0;0;0;0#3
0;0;1;0;0;0;0;0;0;0;0;0;0;0;0;0;0;0;0;0;0;0;0;0#3
0;0;0;0;0;0;0;0;0;0;0;0;0;0;0;0;0;0;0;0;0;0;0;1#3
0;0;1;0;0;0;0;0;0;0;0;0;0;0;0;0;0;0;0;0;0;0;0;0#3
0;0;1;0;0;0;0;0;0;0;0;0;0;0;0;0;0;0;0;0;0;0;0;0#3
0;0;2;0;0;0;0;0;0;0;0;0;0;0;0;0;0;0;0;0;0;0;0;0#3
0;0;1;0;0;0;0;0;0;0;0;0;0;0;0;0;0;0;0;0;0;0;0;0#3
0;0;1;0;0;0;0;0;0;0;0;0;0;0;0;0;0;0;0;0;0;0;0;0#3
0;0;0;0;0;0;0;0;0;0;0;0;0;0;0;2;0;0;0;0;0;0;0;0#3
0;0;1;0;0;0;0;0;0;0;0;0;0;0;0;1;0;0;0;0;0;0;0;0#3
0;0;5;0;0;0;0;0;0;0;0;0;0;0;0;0;0;0;0;1;0;0;0;0#3
0;0;0;0;0;0;0;0;0;0;0;0;0;0;0;1;0;0;0;0;0;0;0;0#3
0;0;0;0;0;0;0;0;0;0;0;0;0;0;0;3;0;0;0;1;0;0;0;0#3
0;0;1;0;0;0;0;0;0;0;0;0;0;0;0;9;0;0;0;0;0;0;0;0#3
0;0;2;0;0;0;0;0;0;0;0;0;0;0;0;1;0;0;0;0;0;0;0;0#3
0;0;1;0;0;0;0;0;0;0;0;0;0;0;0;2;0;0;0;0;0;0;0;0#3
0;0;1;0;0;0;0;0;0;0;0;0;0;0;0;0;0;0;0;0;0;0;0;0#3
0;0;0;0;0;0;0;0;0;0;0;0;0;0;0;1;0;0;0;0;0;0;0;0#3
0;0;0;0;0;0;0;0;0;0;0;0;0;0;0;5;0;0;0;0;0;0;0;0#3
0;0;0;0;0;0;0;0;0;0;0;0;0;0;0;1;0;0;0;0;0;0;0;0#3
0;0;0;0;0;0;0;0;0;0;0;0;0;0;0;0;0;0;0;1;0;0;0;0#3
0;0;1;0;0;0;0;0;0;0;0;0;0;0;0;1;0;0;0;0;0;0;0;0#3
0;0;0;0;0;0;0;0;0;0;0;0;0;0;0;2;0;0;0;0;0;0;0;0#3
0;0;2;0;0;0;0;0;0;0;0;0;0;0;0;5;0;0;0;0;0;0;0;0#3
0;0;0;0;0;0;0;0;0;0;0;0;0;0;0;1;0;0;0;0;0;0;0;0#3
0;0;0;0;0;0;0;0;0;0;0;0;0;0;0;3;0;0;0;0;0;0;0;0#3
0;0;0;0;0;0;0;0;0;0;0;0;0;0;0;22;0;0;0;1;0;0;0;0#3
0;0;0;0;0;0;0;0;0;0;0;0;0;0;0;1;0;0;0;0;0;0;0;0#3
0;0;0;0;0;0;0;0;0;0;0;0;0;0;0;21;0;0;0;0;0;0;0;0#3
0;0;0;0;0;0;0;0;1;0;0;0;0;0;0;3;0;0;0;0;0;0;0;0#3
0;0;0;0;0;0;0;0;0;0;0;0;0;0;0;1;0;0;0;0;0;0;0;0#3
0;0;0;0;0;0;0;0;0;0;0;0;0;0;0;2;0;0;0;0;0;0;0;0#3
0;0;0;0;0;0;0;0;0;0;0;0;0;0;0;1;0;0;0;0;0;0;0;0#3
0;0;1;0;0;0;0;0;0;0;0;0;0;0;0;0;0;0;0;2;0;0;0;0#3
0;0;6;0;0;0;0;0;2;0;0;0;0;0;0;0;0;0;0;2;0;0;5;2#3
0;0;0;0;0;0;0;0;0;0;0;0;0;0;0;1;0;0;0;0;0;0;0;0#3
0;0;0;0;0;0;0;0;0;0;0;0;0;0;0;1;0;0;0;0;0;0;0;0#3
0;0;1;0;0;0;0;0;0;0;0;0;0;0;0;9;0;0;0;1;0;0;0;0#3
0;0;0;0;0;0;0;0;0;0;0;0;0;0;0;5;0;0;0;1;0;0;0;0#3
0;0;1;0;0;0;0;0;0;0;0;0;0;0;0;0;0;0;0;0;0;0;0;0#3
0;0;1;0;0;0;0;0;0;0;0;0;0;0;0;0;0;0;0;1;0;0;0;0#3
0;0;1;0;0;0;0;0;0;0;0;0;0;0;0;0;0;0;0;0;0;0;0;0#3
0;0;0;0;0;0;0;0;0;0;0;0;0;0;0;5;0;0;0;0;0;0;0;0#3
0;0;6;1;0;1;0;0;0;0;0;0;0;0;0;1;0;0;0;0;0;0;0;0#3
0;0;0;0;0;0;0;0;0;0;0;0;0;0;0;1;0;0;0;0;0;0;0;0#3
0;0;1;0;0;0;0;0;0;0;0;0;0;0;0;0;0;0;0;0;0;0;0;0#3
0;0;1;0;0;0;0;0;0;0;0;0;0;0;0;0;0;0;0;2;0;0;0;0#3
0;0;0;0;0;0;0;0;0;0;0;0;0;0;0;3;0;0;0;0;0;0;0;0#3
0;0;0;0;0;0;0;0;0;0;0;0;0;0;0;2;0;0;0;0;0;0;0;0#3
0;0;0;0;0;0;0;0;0;0;0;0;0;0;0;3;0;0;0;0;0;0;0;0#3
0;0;1;1;0;0;0;0;0;0;0;0;0;0;0;0;0;0;0;0;0;0;0;0#3
0;0;0;0;0;0;0;0;0;0;0;0;0;0;0;4;0;0;0;0;0;0;0;0#3
0;0;0;0;0;0;0;0;0;0;0;0;0;0;0;1;0;0;0;0;0;0;0;0#3
0;0;0;0;0;0;0;0;0;0;0;0;0;0;0;2;0;0;0;0;0;0;0;0#3
0;0;4;0;0;0;1;1;1;1;0;0;0;0;1;0;0;0;0;0;0;0;0;0#3
0;0;1;0;0;0;0;0;0;0;0;0;0;0;0;0;0;0;0;0;0;0;0;0#3
0;0;0;0;0;0;0;0;0;0;0;0;0;0;0;2;0;0;0;0;0;0;0;0#3
0;0;0;0;0;0;0;0;0;0;0;0;0;0;0;1;0;0;0;0;0;0;0;0#3
0;0;0;0;0;0;0;0;0;0;0;0;0;0;0;1;0;0;0;0;0;0;0;0#3
0;0;0;0;0;0;0;0;0;0;0;0;0;0;0;1;0;0;0;0;0;0;0;0#3
0;0;0;0;0;0;0;0;0;0;0;0;0;0;0;1;0;0;0;0;0;0;0;0#3
0;0;1;0;0;0;0;0;0;0;0;0;0;0;0;0;0;0;0;0;0;0;0;0#3
0;0;0;0;0;0;0;0;0;0;0;0;0;0;0;1;0;0;0;0;0;0;0;0#3
0;0;1;0;0;0;0;0;0;0;0;0;0;0;0;0;0;0;0;0;0;0;0;0#3
0;0;2;0;0;0;0;0;0;0;0;0;0;0;0;6;0;0;0;1;0;0;0;0#3
0;0;0;0;0;0;0;0;0;0;0;0;0;0;0;0;0;0;0;0;0;0;2;0#3
0;0;3;0;0;0;0;0;2;0;0;0;0;0;0;0;0;0;0;1;0;0;0;0#3
0;0;0;0;0;0;0;0;0;0;0;0;0;0;0;0;0;0;0;1;0;0;0;0#3
0;0;0;0;0;0;0;0;0;0;0;0;0;0;0;3;0;0;0;0;0;0;0;0#3
0;0;0;0;0;0;0;0;0;0;0;0;0;0;0;1;0;0;0;0;0;0;0;0#3
0;0;6;0;0;0;0;0;4;0;0;0;0;1;0;0;0;0;0;0;0;0;0;0#3
0;0;0;0;0;0;0;0;0;0;0;0;0;0;0;5;0;0;0;0;0;0;0;0#3
0;0;1;0;0;0;0;0;0;0;0;0;0;0;0;1;0;0;0;0;0;0;0;0#3
0;0;0;0;0;0;0;0;0;0;0;0;0;0;0;1;0;0;0;0;0;0;0;0#3
0;0;1;0;0;0;0;0;0;0;0;0;0;0;0;2;0;0;0;1;0;0;0;0#3
0;0;1;0;0;0;0;0;0;0;0;0;0;0;0;0;0;0;0;0;0;0;0;0#3
0;0;1;0;0;0;0;0;0;0;0;0;0;0;0;1;0;0;0;0;0;0;0;0#3
0;0;0;0;0;0;0;0;0;0;0;0;0;0;0;2;0;0;0;0;0;0;0;0#3
0;0;0;0;0;0;0;0;0;0;0;0;0;0;0;0;0;0;0;1;0;0;0;0#3
0;0;3;0;0;0;0;0;0;0;0;0;0;0;0;1;0;0;0;0;0;0;0;0#3
0;0;2;0;0;0;0;0;0;0;0;0;0;0;0;0;0;0;0;0;0;0;0;0#3
0;0;2;0;0;0;0;0;0;0;0;0;0;0;0;1;0;0;0;0;0;0;0;0#3
0;0;0;0;0;0;0;0;0;0;0;0;0;0;0;1;0;0;0;0;0;0;0;0#3
0;0;0;0;0;0;0;0;0;0;0;0;0;0;0;1;0;0;0;0;0;0;0;0#3
0;0;3;0;0;0;0;0;0;0;0;0;0;0;0;4;0;0;0;0;0;0;0;0#3
0;0;0;0;0;0;0;0;0;0;0;0;0;0;0;3;0;0;0;0;0;0;0;0#3
0;0;1;0;0;0;0;0;0;0;0;0;0;0;0;2;0;0;0;0;0;0;0;0#3
0;0;2;0;0;0;0;0;0;0;0;0;0;0;0;1;0;0;0;0;0;0;0;0#3
0;0;0;0;0;0;0;0;0;0;0;0;0;0;0;3;0;0;0;0;0;0;0;0#3
0;0;2;0;0;0;0;0;1;0;0;1;0;0;0;0;0;0;0;0;0;0;0;0#3
0;0;1;0;0;0;0;0;0;0;0;0;0;0;0;2;0;0;0;0;0;0;0;0#3
0;0;0;0;0;0;0;0;0;0;0;0;0;0;0;4;0;0;0;0;0;0;0;0#3
0;0;0;0;0;0;0;0;0;0;0;0;0;0;0;0;0;0;0;1;0;0;0;0#3
0;0;0;0;0;0;0;0;0;0;0;0;0;0;0;2;0;0;0;0;0;0;0;0#3
0;0;0;0;0;0;0;0;0;0;0;0;0;0;0;1;0;0;0;0;0;0;0;0#3
0;0;0;0;0;0;0;0;0;0;0;0;0;0;0;1;0;0;0;0;0;0;0;0#3
0;0;0;0;0;0;0;0;0;0;0;0;0;0;0;1;0;0;0;0;0;0;0;0#3
0;0;0;0;0;0;0;0;0;0;0;0;0;0;0;2;0;0;0;0;0;0;0;0#3
0;0;1;0;0;0;0;0;0;0;0;0;0;0;0;0;0;0;0;0;0;0;0;0#3
0;0;1;0;0;0;0;0;0;0;0;0;0;0;0;1;0;0;0;0;0;0;0;0#3
0;0;1;0;0;0;0;0;0;0;0;0;0;0;0;1;0;0;0;0;0;0;0;0#3
0;0;0;0;0;0;0;0;0;0;0;0;0;0;0;1;0;0;0;0;0;0;0;0#3
0;0;0;0;0;0;0;0;0;0;0;0;0;0;0;1;0;0;0;0;0;0;0;0#3
0;0;1;0;0;0;0;0;0;0;0;0;0;0;0;0;0;0;0;0;0;0;0;0#3
0;0;0;0;0;0;0;0;0;0;0;0;0;0;0;1;0;0;0;0;0;0;0;0#3
0;0;0;0;0;0;0;0;0;0;0;0;0;0;0;1;0;0;0;0;0;0;0;0#3
0;0;0;0;0;0;0;0;0;0;0;0;0;0;0;1;0;0;0;0;0;0;0;0#3
0;0;1;0;0;0;0;0;0;0;0;0;0;0;0;1;0;0;0;0;0;0;0;0#3
0;0;1;0;0;0;0;0;0;0;0;0;0;0;0;0;0;0;0;0;0;0;0;0#3
0;0;0;0;0;0;0;0;0;0;0;0;0;0;0;2;0;0;0;0;0;0;0;0#3
0;0;2;0;0;0;0;0;0;0;0;0;0;0;0;15;0;0;0;1;0;0;0;0#3
0;0;3;0;0;0;0;0;0;0;0;0;0;0;0;1;0;0;0;0;0;0;0;0#3
0;0;0;0;0;0;0;0;0;0;0;0;0;0;0;2;0;0;0;0;0;0;0;0#3
0;0;0;0;0;0;0;0;1;0;0;0;0;0;0;0;0;0;0;0;0;0;0;0#3
0;0;0;0;0;0;0;0;0;0;0;0;0;0;0;1;0;0;0;0;0;0;0;0#3
0;0;0;0;0;0;0;0;0;0;0;0;0;0;0;1;0;0;0;0;0;0;0;0#3
0;0;0;0;0;0;0;0;0;0;0;0;0;0;0;2;0;0;0;0;0;0;0;0#3
0;0;0;0;0;0;0;0;0;0;0;0;0;0;0;1;0;0;0;0;0;0;0;0#3
0;0;3;0;0;0;0;0;0;0;0;0;0;0;0;0;2;1;1;0;0;0;0;0#4
0;0;1;0;0;0;0;0;0;0;0;0;0;0;0;0;5;1;5;0;0;0;0;0#4
0;0;1;0;0;0;0;0;0;0;0;0;0;0;0;0;4;1;5;0;0;0;0;0#4
0;0;0;0;0;0;0;0;0;0;0;0;0;0;0;0;1;1;0;0;0;0;0;0#4
0;0;0;0;0;0;0;0;0;0;0;0;0;0;0;0;3;5;2;5;8;5;5;5#4
0;0;1;0;0;0;0;0;0;0;0;0;0;0;0;0;3;1;2;0;0;0;0;0#4
0;0;2;0;0;0;0;0;0;0;0;0;0;0;0;0;4;1;4;0;0;0;0;0#4
0;0;0;0;0;0;0;0;0;0;0;0;0;0;0;0;1;1;0;0;1;0;1;0#4
0;0;0;0;0;0;0;0;0;0;0;0;0;0;0;0;6;2;5;1;0;1;0;0#4
0;0;0;0;0;0;0;0;0;0;0;0;0;0;0;0;0;0;0;0;1;1;0;1#4
0;0;1;0;0;0;0;0;0;0;0;0;0;0;0;0;8;7;2;7;8;8;7;10#4
0;0;0;0;0;0;0;0;0;0;0;0;0;0;0;0;4;1;4;0;0;0;0;0#4
0;0;1;0;0;0;0;0;0;0;0;0;1;0;0;0;9;4;8;0;0;0;0;0#4
0;0;1;0;0;0;0;0;0;0;0;0;0;0;0;0;2;2;2;0;0;0;0;0#4
0;0;0;0;0;0;0;0;0;0;0;0;0;0;0;0;1;0;0;0;0;1;0;0#4
0;0;2;0;0;0;0;0;0;0;0;0;0;0;0;0;0;0;0;0;0;0;0;0#4
0;0;0;0;0;0;0;0;0;0;0;0;0;0;0;0;6;11;5;12;11;11;14;12#4
0;0;0;0;0;0;0;0;0;0;0;0;0;0;0;0;6;8;5;8;12;9;8;9#4
0;0;1;0;0;0;0;0;0;0;0;0;0;0;0;0;2;0;2;0;2;0;0;0#4
0;0;1;0;0;0;0;0;0;0;0;0;0;0;0;0;0;0;0;0;0;0;0;0#4
0;0;0;0;0;0;0;0;0;0;0;0;0;0;0;0;3;0;1;0;3;3;0;3#4
0;0;2;0;0;0;0;0;0;0;0;0;1;0;0;0;3;3;3;5;3;3;6;5#4
0;0;0;0;0;0;0;0;0;0;0;0;0;0;0;0;3;0;0;0;3;2;0;2#4
0;0;0;0;0;0;0;0;0;0;0;0;0;0;0;0;1;3;0;3;5;3;3;3#4
0;0;2;0;0;0;0;0;0;0;0;0;1;0;0;0;3;3;3;5;3;3;6;5#4
0;0;2;0;0;0;0;0;0;0;0;0;0;0;0;0;4;0;4;0;4;4;0;7#4
0;0;2;0;0;0;0;0;0;0;0;0;0;0;0;0;4;0;4;0;4;4;0;7#4
0;0;0;0;0;0;0;0;0;0;0;0;0;0;0;0;2;0;3;0;3;3;0;4#4
0;0;1;0;0;0;0;0;0;0;0;0;1;0;0;0;3;3;3;5;3;3;6;5#4
0;0;0;0;0;0;0;0;0;0;0;0;0;0;0;0;2;0;3;0;3;3;0;3#4
0;0;2;0;0;0;0;0;0;0;0;0;0;0;0;0;0;0;0;0;0;0;0;0#4
0;0;4;0;0;0;0;0;0;0;0;0;0;0;0;0;0;0;0;0;0;0;1;0#4
0;0;2;0;0;0;0;0;0;0;0;0;0;0;0;0;0;0;0;0;0;0;0;0#4
0;0;0;0;0;0;0;0;0;0;0;0;0;0;0;0;4;2;2;0;1;0;1;0#4
0;0;1;0;0;0;0;0;0;0;0;0;0;0;0;0;1;1;1;0;1;0;3;0#4
0;0;0;0;0;0;0;0;0;0;0;0;0;0;0;0;3;0;3;0;5;0;0;0#4
0;0;0;0;0;0;0;0;0;0;0;0;0;0;0;0;2;0;3;0;3;3;0;4#4
0;0;0;0;0;0;0;0;0;0;0;0;0;0;0;0;3;0;1;0;0;0;0;0#4
0;0;4;0;0;0;0;0;0;0;0;0;0;0;0;0;3;3;2;3;7;7;3;8#4
0;0;0;0;0;0;0;0;0;0;0;0;0;0;0;0;1;1;0;2;1;1;1;1#4
0;0;1;0;0;0;0;0;0;0;0;0;0;0;0;0;1;0;0;0;0;0;0;0#4
0;0;0;0;0;0;0;0;0;0;0;0;0;0;0;0;9;9;0;17;9;9;19;17#4
0;0;2;0;0;0;0;0;0;0;0;0;0;0;0;0;4;0;4;0;4;4;0;7#4
0;0;2;0;0;0;0;0;0;0;0;0;0;0;0;0;0;0;0;0;0;0;0;0#4
0;0;2;0;0;0;0;0;0;0;0;0;1;0;0;0;3;3;3;5;3;3;6;5#4
0;0;0;0;0;0;0;0;0;0;0;0;0;0;0;0;4;0;0;0;0;4;0;0#4
0;0;1;0;0;0;0;0;0;0;0;0;0;0;0;0;3;2;3;0;3;0;2;0#4
0;0;2;0;0;0;0;0;0;0;0;0;0;0;0;0;2;0;0;0;2;2;0;2#4
0;0;2;0;0;0;0;0;0;0;0;0;0;0;0;0;4;0;4;0;4;4;0;7#4
0;0;2;0;0;0;0;0;0;0;0;0;0;0;0;0;2;1;2;1;7;7;1;8#4
0;0;2;0;0;0;0;0;0;0;0;0;0;0;0;0;4;0;4;0;4;4;0;7#4
0;0;0;0;0;0;0;0;0;0;0;0;0;0;0;0;1;0;1;0;0;0;0;0#4
0;0;3;0;0;0;0;0;0;0;0;0;1;0;0;0;3;2;3;0;0;0;0;0#4
0;0;1;1;0;0;0;0;0;0;0;0;1;1;0;0;1;1;1;0;0;0;0;0#4
0;0;2;0;0;0;0;0;0;0;0;0;0;0;0;0;3;0;3;0;3;3;0;6#4
0;0;3;0;0;0;0;0;0;0;0;0;0;0;0;0;0;0;0;0;0;0;0;0#4
0;0;3;0;0;0;0;0;0;0;0;0;0;0;0;0;0;0;0;0;0;0;0;0#4
0;0;2;0;0;0;0;0;0;0;0;0;0;0;0;0;3;3;0;6;3;3;12;6#4
0;0;0;0;0;0;0;0;0;0;0;0;0;0;0;0;5;2;2;2;5;5;2;14#4
0;0;2;0;0;0;0;0;0;0;0;0;0;0;0;0;0;0;0;0;0;0;0;0#4
0;0;2;0;0;0;0;0;0;0;0;0;1;0;0;0;4;4;3;6;4;4;6;6#4
0;0;1;0;0;0;0;0;0;0;0;0;1;0;0;0;2;1;2;0;2;0;1;0#4
0;0;2;0;0;0;0;0;0;0;0;0;0;0;0;0;4;1;4;1;4;4;1;7#4
0;0;2;0;0;0;0;0;0;0;0;0;0;0;0;0;4;0;4;0;4;4;0;8#4
0;0;2;0;0;0;0;0;0;0;0;0;0;0;0;0;5;1;3;1;5;5;1;10#4
0;0;2;0;0;0;0;0;0;0;0;0;0;0;0;0;0;0;0;0;0;0;0;0#4
0;0;2;0;0;0;0;0;0;0;0;0;0;0;0;0;4;1;4;1;4;4;1;7#4
0;0;2;0;0;0;0;0;0;0;0;0;0;0;0;0;4;0;3;0;4;4;0;8#4
0;0;1;0;0;0;0;0;0;0;0;0;0;0;0;0;3;0;2;0;0;0;0;0#4
0;0;2;0;0;0;0;0;0;0;0;0;0;0;0;0;4;1;4;1;4;4;1;7#4
0;0;2;0;0;0;0;0;0;0;0;0;0;0;0;0;4;0;4;0;4;4;0;9#4
0;0;0;0;0;0;0;0;0;0;0;0;0;0;0;0;3;4;0;4;4;4;11;4#4
0;0;2;0;0;0;0;0;0;0;0;0;0;0;0;0;4;4;3;8;4;4;15;8#4
0;0;2;0;0;0;0;0;0;0;0;0;0;0;0;0;4;5;3;9;5;5;16;9#4
0;0;2;0;0;0;0;0;0;0;0;0;0;0;0;0;4;5;3;9;5;5;16;9#4
0;0;1;0;0;0;0;0;0;0;0;0;0;0;0;0;1;0;1;0;0;0;0;0#4
0;0;3;0;0;0;0;0;0;0;0;0;1;0;0;0;2;1;1;0;0;0;0;0#4
0;0;1;0;0;0;0;0;0;0;0;0;1;0;0;0;3;0;3;0;0;0;0;0#4
0;0;3;0;0;0;0;0;0;0;0;0;1;0;0;0;6;6;6;0;5;0;5;0#4
0;0;1;0;0;0;0;0;0;0;0;0;0;0;0;0;4;3;8;2;0;2;0;0#4
0;0;1;0;0;0;0;0;0;0;0;0;0;0;0;0;3;0;3;0;0;1;0;0#4
0;0;3;0;0;0;0;0;0;0;0;0;0;0;0;0;1;1;0;1;1;1;1;1#4
0;0;0;0;0;0;0;0;0;0;0;0;0;0;0;0;1;1;1;0;1;0;2;0#4
0;0;0;0;0;0;0;0;0;0;0;0;0;0;0;0;0;0;0;0;0;0;3;0#4
0;0;2;0;0;0;0;0;0;0;0;0;0;0;0;0;0;0;0;0;0;0;0;0#4
0;0;5;0;0;0;0;0;0;0;0;0;0;0;0;0;3;3;2;3;7;7;3;7#4
0;0;0;0;0;0;0;0;0;0;0;0;0;0;0;0;1;1;1;1;1;1;1;1#4
0;0;0;0;0;0;0;0;0;0;0;0;0;0;0;0;0;0;0;1;0;0;0;0#4
0;0;0;0;0;0;0;0;0;0;0;0;0;0;0;0;0;0;0;0;0;0;1;0#4
0;0;1;0;0;0;0;0;0;0;0;0;0;0;0;0;1;0;0;0;1;1;0;1#4
0;0;2;0;0;0;0;0;0;0;0;0;0;0;0;0;2;0;0;0;0;2;0;0#4
0;0;4;0;0;0;0;0;0;0;0;0;0;0;0;0;3;3;3;0;0;0;0;0#4
0;0;4;0;0;0;0;0;0;0;0;0;0;0;0;0;4;3;4;0;0;0;0;0#4
0;0;1;0;0;0;0;0;0;0;0;0;0;0;0;0;5;1;5;0;0;0;0;0#4
0;0;3;0;0;0;0;0;0;0;0;0;0;0;0;0;2;1;1;0;0;0;0;0#4
0;0;0;0;0;0;0;0;0;0;0;0;0;0;0;0;2;2;0;1;2;1;3;1#4
0;0;1;0;0;0;0;0;0;0;0;0;0;0;0;0;2;0;0;0;2;0;0;0#4
0;0;2;0;0;0;0;0;0;0;0;0;0;0;0;0;1;1;1;1;1;1;2;1#4
0;0;1;0;0;0;0;0;0;0;0;0;0;0;0;0;1;0;0;0;1;1;0;1#4
0;0;2;0;0;0;0;0;0;0;0;0;0;0;0;0;2;0;0;0;1;2;0;1#4
0;0;1;0;0;0;0;0;0;0;0;0;0;0;0;0;1;0;0;0;1;1;0;1#4
0;0;0;0;0;0;0;0;0;0;0;0;0;0;0;0;3;2;1;0;0;0;0;0#4
0;0;0;0;0;0;0;0;0;0;0;0;0;0;0;0;3;3;0;4;3;3;4;4#4
0;0;2;0;0;0;0;0;0;0;0;0;0;0;0;0;5;3;5;3;4;5;3;4#4
0;0;0;0;0;0;0;0;0;0;0;0;0;0;0;0;1;0;0;0;0;1;0;0#4
0;0;0;0;0;0;0;0;0;0;0;0;0;0;0;0;1;0;0;0;0;1;0;0#4
0;0;2;0;0;0;0;0;0;0;0;0;0;0;0;0;3;3;0;3;3;3;3;5#4
0;0;3;0;0;0;0;0;0;0;0;0;0;0;0;0;2;1;1;0;0;0;0;0#4
0;0;2;1;0;0;0;0;0;0;0;0;1;1;0;0;3;3;3;5;3;3;7;5#4
0;0;2;0;0;0;0;0;0;0;0;0;0;0;0;0;0;0;0;0;0;0;0;0#4
0;0;0;0;0;0;0;0;0;0;0;0;0;0;0;0;1;1;0;0;1;0;1;0#4
0;0;0;0;0;0;0;0;0;0;0;0;0;0;0;0;2;1;0;1;2;1;1;1#4
0;0;0;0;0;0;0;0;0;0;0;0;0;1;0;0;5;1;4;0;5;0;1;0#4
0;0;0;0;0;0;0;0;0;0;0;0;0;0;0;0;1;1;0;0;0;0;0;0#4
0;0;3;0;0;0;0;0;0;0;0;0;0;0;0;0;6;6;3;8;6;6;11;8#4
0;0;2;1;0;0;0;0;0;0;0;0;1;2;0;0;0;0;0;0;0;0;4;0#4
0;0;3;0;0;0;0;0;0;0;0;0;0;0;0;0;3;0;3;0;3;3;0;7#4
0;0;0;0;0;0;0;0;0;0;0;0;0;0;0;0;0;2;0;2;2;2;3;2#4
0;0;0;0;0;0;0;0;0;0;0;0;0;0;0;0;5;6;2;6;6;6;8;6#4
0;0;3;0;0;0;0;0;0;0;0;0;0;0;0;0;6;4;5;4;7;7;4;7#4
0;0;1;0;0;0;0;0;0;0;0;0;0;0;0;0;0;0;0;0;0;0;0;0#4
0;0;1;0;0;0;0;0;0;0;0;0;1;0;0;0;1;1;1;0;1;0;4;0#4
0;0;1;0;0;0;0;0;0;0;0;0;0;0;0;0;0;0;0;0;0;0;0;0#4
0;0;2;0;0;0;0;0;0;0;0;0;1;0;0;0;3;3;3;6;3;3;7;6#4
0;0;0;0;0;0;0;0;0;0;0;0;0;0;0;0;3;3;1;3;2;3;2;2#4
0;0;0;0;0;0;0;0;0;0;0;0;0;0;0;0;1;1;0;0;1;0;1;0#4
0;0;2;0;0;0;0;0;0;0;0;0;0;0;0;0;0;0;0;0;0;0;0;0#4
0;0;0;0;0;0;0;0;0;0;0;0;0;0;0;0;0;1;1;0;0;0;0;0#4
0;0;4;0;0;0;0;0;0;0;0;0;0;0;0;0;0;0;0;0;0;0;0;0#4
0;0;0;0;0;0;0;0;0;0;0;0;0;0;0;0;1;1;0;1;1;1;1;1#4
0;0;0;0;0;0;0;0;0;0;0;0;0;0;0;0;1;1;0;1;1;1;2;1#4
0;0;1;0;0;0;0;0;0;0;0;0;0;0;0;0;11;11;4;11;13;13;11;16#4
0;0;1;0;0;0;0;0;0;0;0;0;0;0;0;0;0;0;0;0;0;0;0;0#4
0;0;2;0;0;0;0;0;0;0;0;0;0;0;0;0;0;0;0;0;0;0;0;0#4
0;0;1;0;0;0;0;0;0;0;0;0;0;0;0;0;0;0;0;0;0;0;0;0#4
0;0;1;0;0;0;0;0;0;0;0;0;0;0;0;0;1;1;0;0;0;0;0;0#4
0;0;3;0;0;0;0;0;0;0;0;0;0;0;0;0;3;2;3;2;3;3;2;7#4
0;0;1;0;0;0;0;0;0;0;0;0;0;0;0;0;5;9;3;10;9;9;10;11#4
0;0;1;0;0;0;0;0;0;0;0;0;0;0;0;0;0;0;0;0;0;0;0;0#4
0;0;1;0;0;0;0;0;1;0;0;0;0;0;0;0;0;0;0;0;0;0;0;0#4
0;0;3;0;0;0;0;0;0;0;0;0;0;0;0;0;6;7;3;9;7;7;11;9#4
0;0;1;0;0;0;0;0;0;0;0;0;0;0;0;0;1;1;0;0;0;0;0;0#4
0;0;1;0;0;0;0;0;0;0;0;0;0;0;0;0;1;1;0;0;0;0;0;0#4
0;0;4;0;0;0;0;0;0;0;0;0;0;0;0;0;0;0;0;0;0;0;0;0#4
0;0;3;0;0;0;0;0;0;0;0;0;0;0;0;0;1;1;0;1;1;1;1;1#4
0;0;2;0;0;0;0;0;0;0;0;0;0;0;0;0;4;0;3;0;0;0;0;0#4
0;0;0;0;0;0;0;0;0;0;0;0;0;0;0;0;1;1;0;1;1;1;1;1#4
0;0;1;0;0;0;0;0;0;0;0;0;0;0;0;0;0;0;0;0;0;0;0;0#4
0;0;2;1;0;0;0;0;0;0;0;0;1;1;0;0;13;19;9;23;19;19;41;23#4
0;0;2;0;0;0;0;0;0;0;0;0;1;0;0;0;10;1;10;1;0;1;0;0#4
0;0;0;0;0;0;0;0;0;0;0;0;0;0;0;0;1;0;1;0;1;1;0;1#4
0;0;0;0;0;0;0;0;0;0;0;0;0;0;0;0;1;2;1;1;2;1;2;1#4
0;0;1;0;0;0;0;0;0;0;0;0;0;0;0;0;0;0;0;0;0;0;0;0#4
0;0;0;0;0;0;0;0;0;0;0;0;0;0;0;0;1;1;0;0;0;0;0;0#4
0;0;1;0;0;0;0;0;1;0;0;0;0;0;0;0;0;0;0;0;0;0;0;0#4
0;0;0;0;0;0;0;0;0;0;0;0;0;0;0;0;2;2;0;0;0;0;0;0#4
0;0;0;0;0;0;0;0;0;0;0;0;0;0;0;0;2;3;0;3;3;3;3;3#4
0;0;2;0;0;0;0;0;0;0;0;0;0;0;0;0;14;4;8;1;0;1;0;0#4
0;0;0;0;0;0;0;0;0;0;0;0;0;0;0;0;2;3;0;3;3;3;3;3#4
0;0;0;0;0;0;0;0;0;0;0;0;0;0;0;0;1;1;1;0;1;0;1;0#4
0;0;1;0;0;0;0;0;0;0;0;0;0;0;0;0;9;7;2;7;9;9;7;11#4
0;0;0;0;0;0;0;0;0;0;0;0;0;0;0;0;6;1;3;1;6;2;1;2#4
0;0;0;0;0;0;0;0;0;0;0;0;0;0;0;0;3;3;0;4;3;3;4;4#4
0;0;0;0;0;0;0;0;0;0;0;0;0;0;0;0;0;1;1;0;0;0;0;0#4
0;0;0;0;0;0;0;0;0;0;0;0;0;0;0;0;3;3;1;4;3;3;4;4#4
0;0;0;0;0;0;0;0;0;0;0;0;0;0;0;0;0;1;1;0;0;0;0;0#4
0;0;1;0;0;0;0;0;0;0;0;0;0;0;0;0;1;0;0;0;1;1;0;1#4
0;0;1;0;0;0;0;0;0;0;0;0;0;0;0;0;1;0;0;0;1;1;0;1#4
0;0;1;0;0;0;0;0;0;0;0;0;0;0;0;0;0;0;0;0;0;0;0;0#4
0;0;0;0;0;0;0;0;0;0;0;0;0;0;0;0;0;1;0;0;0;0;0;0#4
0;0;0;0;0;0;0;0;0;0;0;0;0;0;0;0;2;1;1;0;0;0;0;0#4
0;0;0;0;0;0;0;0;0;0;0;0;0;0;0;0;3;3;0;3;3;3;3;3#4
0;0;1;0;0;0;0;0;0;0;0;0;0;0;0;0;0;0;0;0;0;0;0;0#4
0;0;1;0;0;0;0;0;0;0;0;0;0;0;0;0;1;0;0;0;0;0;0;0#4
0;0;2;0;0;0;0;0;0;0;0;0;0;0;0;0;2;0;0;0;0;0;0;0#4
0;0;0;0;0;0;0;0;0;0;0;0;0;0;0;0;1;1;0;0;0;0;0;0#4
0;0;0;0;0;0;0;0;0;0;0;0;0;0;0;0;2;2;0;3;2;2;3;3#4
0;0;2;0;0;0;0;0;0;0;0;0;0;0;0;0;0;0;0;0;0;0;2;0#4
0;0;1;0;0;0;0;0;0;0;0;0;0;0;0;0;6;1;6;0;0;0;0;0#4
0;0;1;0;0;0;0;0;0;0;0;0;0;0;0;0;3;1;2;0;0;0;0;0#4
0;0;2;0;0;0;0;0;0;0;0;0;0;0;0;0;0;0;0;0;0;0;0;0#4
0;0;0;0;0;0;0;0;0;0;0;0;0;0;0;0;2;2;0;2;2;2;4;2#4
0;0;0;0;0;0;0;0;0;0;0;0;0;0;0;0;2;2;0;2;2;2;4;2#4
0;0;0;0;0;0;0;0;0;0;0;0;0;0;0;0;1;0;1;0;0;0;0;0#4
0;0;0;0;0;0;0;0;0;0;0;0;0;0;0;0;0;0;0;0;0;0;3;0#4
0;0;3;0;0;0;0;0;0;0;0;0;0;0;0;0;2;2;2;1;1;1;1;1#4
0;0;1;0;0;0;0;0;0;0;0;0;0;0;0;0;3;1;2;0;0;0;0;0#4
0;0;2;0;0;0;0;0;0;0;0;0;1;0;0;0;0;0;0;0;0;0;2;0#4
0;0;0;0;0;0;0;0;0;0;0;0;0;0;0;0;2;2;0;2;2;2;2;3#4
0;0;0;0;0;0;0;0;0;0;0;0;0;0;0;0;2;2;0;2;2;2;2;3#4
0;0;2;0;0;0;0;0;0;0;0;0;0;0;0;0;0;0;0;0;0;0;0;0#4
0;0;1;0;0;0;0;0;0;0;0;0;0;0;0;0;9;7;2;7;9;9;7;11#4
0;0;0;0;0;0;0;0;0;0;0;0;0;0;0;0;1;0;0;0;0;0;0;0#4
0;0;3;0;0;0;0;0;0;0;0;0;0;0;0;0;1;1;1;0;1;0;2;0#4
0;0;1;0;0;0;0;0;0;0;0;0;0;0;0;0;8;4;9;4;19;20;4;19#4
0;0;2;0;0;0;0;0;0;0;0;0;0;0;0;0;1;1;1;0;0;0;0;0#4
0;0;0;0;0;0;1;0;0;0;0;0;0;0;0;0;6;0;2;0;0;2;0;0#4
0;0;1;0;0;0;0;0;0;0;0;0;0;0;0;0;13;2;11;0;0;0;0;0#4
0;0;2;0;0;0;0;0;0;0;0;0;0;0;0;0;4;0;4;0;4;4;0;7#4
0;0;0;0;0;0;0;0;0;0;0;0;0;0;0;0;2;1;3;1;3;3;1;4#4
0;0;1;0;0;0;0;0;1;0;0;0;0;0;0;0;2;2;0;0;0;0;0;0#4
0;0;1;0;0;0;0;0;0;0;0;0;0;0;0;0;0;0;0;0;0;0;0;0#4
0;0;0;0;0;0;1;0;0;0;0;0;0;0;0;0;0;0;0;0;0;0;0;0#4
0;0;2;0;0;0;0;0;0;0;0;0;0;0;0;0;0;0;0;0;0;0;0;0#4
0;0;3;0;0;0;0;0;0;0;0;0;0;0;0;0;3;2;3;2;3;3;2;7#4
0;0;2;0;0;0;0;0;0;0;0;0;0;0;0;0;0;0;0;0;0;0;0;0#4
0;0;1;0;0;0;0;0;0;0;0;0;0;0;0;0;11;7;3;7;11;11;7;11#4
0;0;1;0;0;0;0;0;0;0;0;0;0;0;0;0;9;7;2;7;9;9;7;11#4
0;0;1;0;0;0;0;0;0;0;0;0;0;0;0;0;0;0;0;0;0;0;5;0#4
0;0;2;0;0;0;0;0;0;0;0;0;0;0;0;0;0;0;0;0;0;0;0;0#4
0;0;1;0;0;0;0;0;0;0;0;0;0;0;0;0;9;7;2;7;9;9;7;11#4
0;0;3;0;0;0;0;0;0;0;0;0;0;0;0;0;1;1;1;0;1;0;2;0#4
0;0;0;0;0;0;0;0;0;0;0;0;0;0;0;0;1;0;0;0;0;0;0;0#4
0;0;0;0;0;0;0;0;0;0;0;0;0;0;0;0;2;0;2;0;0;0;0;0#4
0;0;0;0;0;0;0;0;0;0;0;0;0;0;0;0;3;3;0;3;3;3;3;4#4
0;0;1;0;0;0;0;0;0;0;0;0;0;0;0;0;4;0;1;0;4;4;0;7#4
0;0;1;0;0;0;0;0;0;0;0;0;0;0;0;0;3;0;3;0;0;0;0;0#4
0;0;1;0;0;0;0;0;0;0;0;0;0;0;0;0;7;5;1;5;7;7;5;10#4
0;0;0;0;0;0;0;0;0;0;0;0;0;0;0;0;2;0;3;0;3;3;0;4#4
0;0;0;0;0;0;0;0;0;0;0;0;0;0;0;0;0;0;0;0;0;0;1;0#4
0;0;2;0;0;0;0;0;0;0;0;0;0;0;0;0;0;0;0;1;0;0;5;1#4
0;0;0;0;0;0;0;0;0;0;0;0;0;1;0;0;8;9;1;11;9;9;17;11#4
0;0;0;0;0;0;0;0;0;0;0;0;0;0;0;0;2;2;0;2;2;2;2;3#4
0;0;2;0;0;0;0;0;0;0;0;0;1;0;0;0;0;0;0;1;0;0;0;0#4
0;0;1;0;0;0;0;0;0;0;0;0;0;0;0;0;0;0;0;0;0;0;0;0#4
0;0;2;0;0;0;0;0;0;0;0;0;0;0;0;0;0;0;0;0;0;0;0;0#4
0;0;2;0;0;0;0;0;0;0;0;0;0;0;0;0;0;0;0;0;0;0;0;0#4
0;0;0;0;0;0;0;0;0;0;0;0;0;0;0;0;2;2;0;2;2;2;2;3#4
0;0;0;0;0;0;0;0;0;0;0;0;0;0;0;0;3;3;1;4;3;3;4;4#4
0;0;1;0;0;0;0;0;0;0;0;0;0;0;0;0;2;0;2;0;0;0;0;0#4
0;0;1;0;0;0;0;0;0;0;0;0;0;0;0;0;0;0;0;0;0;0;0;0#4
0;0;2;0;0;0;0;0;0;0;0;0;1;0;0;0;3;3;3;5;3;3;7;5#4
0;0;3;0;0;0;0;0;0;0;0;0;0;0;0;0;3;0;3;0;3;3;0;7#4
0;0;2;0;0;0;0;0;0;0;0;0;0;0;0;0;4;0;4;0;4;4;0;7#4
0;0;0;0;0;0;0;0;0;0;0;0;0;0;0;1;0;0;0;0;0;0;0;0#4
0;0;2;0;0;0;0;0;0;0;0;0;1;0;0;0;3;3;3;5;3;3;6;5#4
0;0;1;0;0;0;0;0;0;0;0;0;0;0;0;0;3;2;3;0;0;0;0;0#4
0;0;2;0;0;0;0;0;0;0;0;0;0;0;0;0;4;0;4;0;4;4;0;7#4
0;0;1;0;0;0;0;0;0;0;0;0;0;0;0;0;0;0;0;0;0;0;0;0#4
0;0;1;0;0;0;0;0;1;0;0;0;0;0;0;0;0;0;0;0;0;0;0;0#4
0;0;1;0;0;0;0;0;0;0;0;0;1;0;0;0;0;0;0;0;0;0;0;0#4
0;0;1;0;0;0;0;0;0;0;0;0;0;0;0;0;5;0;1;0;0;1;0;0#4
0;0;2;0;0;0;0;0;0;0;0;0;0;0;0;0;4;0;4;0;4;4;0;8#4
0;0;2;0;0;0;0;0;0;0;0;0;0;0;0;0;0;0;0;0;0;0;0;0#4
0;0;2;0;0;0;0;0;0;0;0;0;1;0;0;0;3;3;3;5;3;3;6;5#4
0;0;0;0;0;0;0;0;0;0;0;0;0;0;0;0;5;5;5;5;5;5;6;5#4
0;0;2;0;0;0;0;0;0;0;0;0;0;0;0;0;4;0;4;0;4;4;0;7#4
0;0;2;0;0;0;0;0;0;0;0;0;1;0;0;0;3;3;3;5;3;3;6;5#4
0;0;0;0;0;0;0;0;0;0;0;0;0;0;0;0;2;1;3;1;3;3;1;3#4
0;0;0;0;0;0;0;0;0;0;0;0;0;0;0;0;1;0;0;0;3;2;0;2#4
0;0;1;0;0;0;0;0;0;0;0;0;0;0;0;0;1;0;0;0;0;1;0;0#4
0;0;0;0;0;0;0;0;0;0;0;0;0;0;0;0;2;1;3;1;3;3;1;3#4
0;0;1;0;0;0;0;0;0;0;0;0;0;0;0;0;1;2;0;2;3;4;2;3#4
0;0;2;0;0;0;0;0;0;0;0;0;0;0;0;0;4;7;4;6;7;6;7;6#4
0;0;2;0;0;0;0;0;0;0;0;0;0;0;0;0;4;7;3;7;6;7;6;6#4
0;0;5;0;0;1;0;0;0;0;0;0;2;0;0;0;17;9;5;9;17;13;9;13#4
0;0;2;0;0;0;0;0;0;0;0;0;0;0;0;0;4;7;3;6;7;6;7;6#4
0;0;3;0;0;1;0;0;0;0;0;0;1;0;0;0;1;1;1;1;0;1;0;0#4
0;0;2;0;0;0;0;0;0;0;0;0;0;0;0;0;5;1;4;0;0;0;0;0#4
0;0;0;0;0;0;0;0;0;0;0;0;0;0;0;0;2;0;2;0;0;0;0;0#4
0;0;0;0;0;0;0;0;0;0;0;0;0;0;0;0;2;1;2;1;2;2;1;5#4
0;0;3;0;0;0;0;0;0;0;0;0;1;0;0;0;0;0;0;0;0;0;3;0#4
0;0;2;0;0;0;0;0;0;0;0;0;0;0;0;0;0;0;0;0;0;0;0;0#4
0;0;0;0;0;0;0;0;0;0;0;0;0;0;0;0;2;0;2;0;2;2;0;3#4
0;0;3;0;0;0;0;0;0;0;0;0;0;0;0;0;3;0;3;0;3;3;0;7#4
0;0;1;0;0;0;0;0;0;0;0;0;0;0;0;0;1;0;0;0;0;0;0;0#4
0;0;4;0;0;0;0;0;0;0;0;0;1;0;0;0;8;8;2;8;8;8;13;8#4
0;0;0;0;0;0;0;0;0;0;0;0;0;0;0;0;2;2;2;0;0;0;0;0#4
0;0;1;0;0;0;0;0;0;0;0;0;0;0;0;0;4;4;0;7;4;4;7;7#4
0;0;4;0;0;0;0;0;0;0;0;0;1;0;0;0;8;8;4;10;8;8;12;10#4
0;0;3;0;0;0;0;0;0;0;0;0;1;0;0;0;0;0;0;0;0;0;8;0#4
0;0;3;0;0;0;0;0;0;0;0;0;1;0;0;0;0;0;0;0;0;0;7;0#4
0;0;4;0;0;0;0;0;0;0;0;0;1;0;0;0;9;9;3;9;9;9;14;9#4
0;0;2;0;0;0;0;0;0;0;0;0;0;0;0;0;4;0;4;0;4;4;0;8#4
0;0;0;0;0;0;0;0;0;0;0;0;0;0;0;0;0;0;0;0;0;0;1;0#4
0;0;1;0;0;0;0;0;0;0;0;0;0;0;0;0;0;0;0;0;0;0;0;0#4
0;0;0;0;0;0;0;0;0;0;0;0;0;0;0;0;1;1;0;0;1;0;1;0#4
0;0;2;0;0;0;0;0;0;0;0;0;1;0;0;0;6;6;6;0;4;0;4;0#4
0;0;2;0;0;0;0;0;0;0;0;0;0;0;0;0;4;0;4;0;4;4;0;7#4
0;0;0;0;0;0;0;0;0;0;0;0;0;0;0;0;2;1;3;1;3;3;1;3#4
0;0;0;0;0;0;0;0;0;0;0;0;0;0;0;0;2;0;0;0;0;0;0;0#4
0;0;0;0;0;0;0;0;0;0;0;0;0;0;0;0;0;0;2;0;0;0;0;0#4
0;0;1;0;0;0;0;0;0;0;0;0;1;0;0;0;5;1;5;0;0;0;0;0#4
0;0;3;0;0;0;0;0;0;0;0;0;0;0;0;0;4;2;4;0;1;0;1;0#4
0;0;5;0;0;0;0;0;0;0;0;0;0;0;0;0;3;3;3;3;8;8;3;8#4
0;0;2;0;0;0;0;0;0;0;0;0;0;0;0;0;4;0;4;0;4;4;0;7#4
0;0;2;0;0;0;0;0;0;0;0;0;1;0;0;0;4;4;3;5;4;4;6;5#4
0;0;0;0;0;0;0;0;0;0;0;0;0;0;0;0;1;1;0;1;1;1;1;1#4
0;0;1;0;0;0;0;0;0;0;0;0;0;0;0;0;1;1;0;1;3;4;1;3#4
0;0;2;0;0;0;0;0;0;0;0;0;0;0;0;0;4;8;4;8;7;8;7;7#4
0;0;2;0;0;0;0;0;0;0;0;0;0;0;0;0;4;7;3;6;7;6;7;6#4
0;0;2;0;0;0;0;0;0;0;0;0;0;0;0;0;4;0;4;0;4;4;0;7#4
0;0;0;0;0;0;0;0;0;0;0;0;0;0;0;0;3;3;0;2;3;2;4;2#4
0;0;0;0;0;0;0;0;0;0;0;0;0;0;0;0;2;2;1;0;1;0;1;0#4
0;0;1;0;0;0;0;0;0;0;0;0;1;0;0;0;0;0;0;1;0;0;0;0#4
0;0;1;0;0;1;0;0;0;0;0;0;1;0;0;0;8;4;8;1;0;1;0;0#4
0;0;0;0;0;0;0;0;0;0;0;0;0;0;0;0;0;0;0;0;0;0;1;0#4
0;0;1;0;0;0;0;0;0;0;0;0;0;0;0;0;6;6;0;6;6;6;6;8#4
0;0;3;0;0;0;0;0;0;0;0;0;0;0;0;0;1;1;1;0;1;0;2;0#4
0;0;2;0;0;0;0;0;0;0;0;0;0;0;0;0;4;0;4;0;4;4;0;7#4
0;0;1;0;0;0;0;0;0;0;0;0;0;0;0;0;0;0;0;0;0;0;0;0#4
0;0;1;0;0;0;0;0;0;0;0;0;0;0;0;0;0;0;0;0;0;0;0;0#4
0;0;1;0;0;0;0;0;0;0;0;0;0;0;0;0;0;0;0;0;0;0;0;0#4
0;0;2;0;0;0;0;0;0;0;0;0;0;0;0;0;0;0;0;0;0;0;0;0#4
0;0;0;0;0;0;0;0;0;0;0;0;0;0;0;0;1;0;0;0;0;0;0;0#4
0;0;1;0;0;0;0;0;0;0;0;0;0;0;0;0;0;0;0;0;0;0;0;0#4
0;0;2;0;0;0;0;0;0;0;0;0;0;0;0;0;4;7;3;6;6;6;6;6#4
0;0;2;0;0;0;0;0;0;0;0;0;0;0;0;0;4;7;3;7;6;7;6;6#4
0;0;2;0;0;0;0;0;0;0;0;0;1;0;0;0;6;0;6;0;1;0;0;0#4
0;0;1;0;0;0;0;0;0;0;0;0;1;0;0;0;1;1;1;1;1;1;5;1#4
0;0;5;0;0;1;0;0;0;0;0;0;2;0;0;0;14;11;3;11;14;14;11;18#4
0;0;2;0;0;0;0;0;0;0;0;0;1;0;0;0;3;3;3;5;3;3;6;5#4
0;0;0;0;0;0;0;0;0;0;0;0;0;0;0;0;2;1;3;1;3;3;1;3#4
0;0;1;0;0;0;0;0;0;0;0;0;1;0;0;0;5;0;5;0;0;0;0;0#4
0;0;1;0;0;0;0;0;0;0;0;0;1;0;0;0;5;0;5;0;0;0;0;0#4
0;0;2;0;0;0;0;0;0;0;0;0;0;0;0;0;4;0;4;0;4;4;0;7#4
0;0;5;0;0;1;0;0;0;0;0;0;2;0;0;0;14;11;3;11;14;14;11;18#4
0;0;0;0;0;0;0;0;0;0;0;0;0;0;0;0;2;0;2;0;2;2;0;3#4
0;0;2;0;0;0;0;0;0;0;0;0;0;0;0;0;4;0;4;0;4;4;0;7#4
0;0;0;0;0;0;0;0;0;0;0;0;0;0;0;0;4;3;2;3;6;6;3;9#4
0;0;2;0;0;0;0;0;0;0;0;0;0;0;0;0;7;2;7;0;0;0;0;0#4
0;0;2;0;0;0;0;0;0;0;0;0;0;0;0;0;4;0;4;0;4;4;0;7#4
0;0;2;0;0;0;0;0;0;0;0;0;0;0;0;0;4;0;4;0;4;4;0;7#4
0;0;0;0;0;0;0;0;0;0;0;0;0;0;0;0;1;1;0;3;1;1;2;2#4
0;0;0;0;0;0;0;0;0;0;0;0;0;0;0;0;2;1;2;1;2;2;1;5#4
0;0;2;0;0;0;0;0;0;0;0;0;0;0;0;0;4;0;4;0;4;4;0;7#4
0;0;2;0;0;0;0;0;0;0;0;0;0;0;0;0;0;0;0;0;0;0;0;0#4
0;0;1;0;0;0;0;0;0;0;0;0;0;0;0;0;1;1;0;1;4;4;1;4#4
0;0;2;0;0;0;0;0;0;0;0;0;0;0;0;0;1;1;1;1;1;1;2;1#4
0;0;3;0;0;0;0;0;0;0;0;0;0;0;0;0;0;0;0;0;0;0;0;0#4
0;0;0;0;0;0;0;0;0;0;0;0;0;0;0;0;1;1;0;0;0;0;0;0#4
0;0;2;0;0;0;0;0;0;0;0;0;1;0;0;0;3;3;3;5;3;3;6;5#4
0;0;2;0;0;0;0;0;0;0;0;0;1;0;0;0;3;3;3;5;3;3;6;5#4
0;0;3;0;0;0;0;0;0;0;0;0;1;0;0;0;5;2;2;1;0;1;0;0#4
0;0;0;0;0;0;0;0;0;0;0;0;0;0;0;0;2;2;0;0;0;0;0;0#4
0;0;5;0;0;1;0;0;0;0;0;0;2;0;0;0;14;11;3;11;14;14;11;18#4
0;0;1;0;0;0;0;0;0;0;0;0;0;0;0;0;1;0;0;0;1;1;0;1#4
0;0;0;0;0;0;0;0;0;0;0;0;0;0;0;0;2;2;2;3;2;2;3;3#4
0;0;0;0;0;0;0;0;0;0;0;0;0;0;0;0;3;5;2;5;8;5;5;5#4
0;0;0;0;0;0;0;0;0;0;0;0;0;0;0;0;3;5;2;5;8;5;5;5#4
0;0;0;0;0;0;0;0;0;0;0;0;0;0;0;0;1;1;0;0;0;0;0;0#4
0;0;0;0;0;0;0;0;0;0;0;0;0;0;0;0;1;1;0;0;0;0;0;0#4
0;0;0;0;0;0;0;0;0;0;0;0;0;0;0;0;6;13;9;13;15;13;13;13#4
0;0;2;0;0;0;0;0;0;0;0;0;0;0;0;0;2;2;2;3;2;2;3;4#4
0;0;4;0;0;0;0;0;0;0;0;0;0;0;0;0;3;3;3;0;2;0;2;0#4
0;0;0;0;0;0;0;0;0;0;0;0;0;0;0;0;3;3;0;3;3;3;3;5#4
0;0;0;0;0;0;0;0;0;0;0;0;0;0;0;0;1;1;0;2;1;1;1;1#4
0;0;1;0;0;0;0;0;0;0;0;0;0;0;0;0;5;1;5;0;0;0;0;0#4
0;0;3;0;0;0;0;0;0;0;0;0;1;0;0;0;16;15;7;15;16;16;15;24#4
